5424
0.058007
5.248060e-05
1.612865e-04
2.091915e-04
2.091915e-04
2.091915e-04
5.248060e-05
5.248060e-05
2.091915e-04
5.248060e-05
2.091915e-04
2.091915e-04
2.091915e-04
2.091915e-04
2.091915e-04
2.091915e-04
2.091915e-04
2.091915e-04
2.091915e-04
3.610469e-04
5.248060e-05
3.265018e-04
2.091915e-04
2.091915e-04
2.091915e-04
2.091915e-04
5.248060e-05
5.248060e-05
2.091915e-04
5.248060e-05
2.091915e-04
2.091915e-04
2.091915e-04
5.248060e-05
2.091915e-04
5.248060e-05
2.091915e-04
2.538000e-04
2.181770e-04
3.659024e-04
5.248060e-05
9.708911e-05
2.984085e-04
2.091915e-04
2.091915e-04
1.175652e-04
1.091129e-04
2.091915e-04
2.091915e-04
5.248060e-05
2.091915e-04
5.248060e-05
5.248060e-05
2.091915e-04
5.248060e-05
5.248060e-05
2.091915e-04
2.091915e-04
2.091915e-04
2.091915e-04
2.091915e-04
2.302934e-04
6.539246e-04
5.248060e-05
5.248060e-05
2.091915e-04
2.091915e-04
2.091915e-04
5.248060e-05
2.875470e-04
2.091915e-04
2.091915e-04
5.248060e-05
5.672219e-04
1.308361e-04
9.708911e-05
5.248060e-05
1.949109e-04
5.248060e-05
2.091915e-04
5.248060e-05
2.091915e-04
2.091915e-04
1.047176e-04
2.701295e-04
1.308361e-04
2.091915e-04
2.091915e-04
2.056899e-04
1.308361e-04
1.308361e-04
2.091915e-04
5.248060e-05
6.488044e-04
2.091915e-04
1.308361e-04
1.308361e-04
2.091915e-04
1.308361e-04
2.091915e-04
2.091915e-04
1.308361e-04
5.248060e-05
5.248060e-05
2.091915e-04
5.248060e-05
2.091915e-04
2.091915e-04
5.248060e-05
5.248060e-05
9.125754e-05
2.091915e-04
5.248060e-05
1.308361e-04
2.091915e-04
1.308361e-04
2.091915e-04
5.248060e-05
2.091915e-04
5.248060e-05
5.248060e-05
2.091915e-04
5.248060e-05
2.091915e-04
9.127060e-05
3.498467e-04
5.248060e-05
2.091915e-04
1.308361e-04
5.248060e-05
1.047176e-04
5.248060e-05
5.248060e-05
2.091915e-04
2.091915e-04
2.091915e-04
5.248060e-05
9.165833e-05
1.047176e-04
5.248060e-05
2.091915e-04
2.091915e-04
5.248060e-05
5.248060e-05
2.302934e-04
1.308361e-04
2.091915e-04
5.248060e-05
1.308361e-04
1.009864e-04
2.091915e-04
5.248060e-05
5.248060e-05
1.308361e-04
2.091915e-04
2.091915e-04
2.091915e-04
9.708911e-05
2.091915e-04
5.248060e-05
1.308361e-04
5.248060e-05
1.830730e-04
2.091915e-04
1.047176e-04
3.397839e-04
2.091915e-04
1.308361e-04
2.091915e-04
1.308361e-04
5.248060e-05
2.091915e-04
2.091915e-04
1.308361e-04
3.498467e-04
1.308361e-04
1.308361e-04
5.248060e-05
1.308361e-04
1.362668e-04
2.091915e-04
1.308361e-04
1.308361e-04
1.308361e-04
9.434588e-04
2.091915e-04
1.438953e-04
5.248060e-05
2.091915e-04
5.248060e-05
2.091915e-04
2.091915e-04
5.248060e-05
5.248060e-05
2.091915e-04
5.248060e-05
2.091915e-04
2.091915e-04
2.091915e-04
2.091915e-04
1.413870e-04
2.091915e-04
1.308361e-04
1.308361e-04
1.308361e-04
2.091915e-04
1.569545e-04
2.091915e-04
1.308361e-04
2.091915e-04
2.091915e-04
1.772152e-04
2.091915e-04
2.091915e-04
5.248060e-05
2.091915e-04
2.091915e-04
5.248060e-05
5.248060e-05
2.091915e-04
2.091915e-04
1.558965e-04
1.009864e-04
1.308361e-04
1.397578e-04
2.091915e-04
1.308361e-04
5.248060e-05
2.091915e-04
1.308361e-04
1.308361e-04
9.708911e-05
2.091915e-04
2.091915e-04
2.091915e-04
3.659024e-04
5.248060e-05
1.308361e-04
3.466385e-04
4.442579e-04
1.308361e-04
1.308361e-04
2.091915e-04
5.248060e-05
2.091915e-04
1.400327e-04
1.308361e-04
2.091915e-04
2.091915e-04
1.308361e-04
2.091915e-04
2.091915e-04
1.308361e-04
5.248060e-05
5.248060e-05
1.308361e-04
5.248060e-05
3.770546e-04
1.308361e-04
1.308361e-04
5.248060e-05
1.308361e-04
2.091915e-04
2.091915e-04
2.091915e-04
2.091915e-04
1.308361e-04
1.308361e-04
3.659024e-04
1.163915e-04
9.708911e-05
5.248060e-05
5.248060e-05
1.308361e-04
2.091915e-04
2.091915e-04
5.248060e-05
2.091915e-04
2.091915e-04
9.708911e-05
1.726595e-04
2.091915e-04
2.091915e-04
2.091915e-04
5.248060e-05
2.091915e-04
1.754446e-04
1.308361e-04
1.308361e-04
2.091915e-04
1.308361e-04
2.091915e-04
5.248060e-05
3.498467e-04
1.308361e-04
7.486788e-05
8.310494e-05
8.664856e-04
1.308361e-04
1.308361e-04
2.091915e-04
1.308361e-04
8.252534e-05
5.248060e-05
5.248060e-05
2.091915e-04
5.248060e-05
2.091915e-04
2.091915e-04
5.248060e-05
5.248060e-05
2.091915e-04
2.091915e-04
1.308361e-04
5.248060e-05
5.248060e-05
5.248060e-05
1.308361e-04
1.047176e-04
1.308361e-04
5.248060e-05
2.091915e-04
2.091915e-04
5.248060e-05
2.091915e-04
1.308361e-04
5.248060e-05
2.091915e-04
2.091915e-04
2.091915e-04
1.308361e-04
3.659024e-04
5.248060e-05
2.091915e-04
1.308361e-04
1.308361e-04
1.308361e-04
5.248060e-05
1.308361e-04
1.414905e-04
1.413870e-04
5.248060e-05
5.248060e-05
3.634977e-04
3.498467e-04
5.248060e-05
1.308361e-04
3.498467e-04
1.308361e-04
1.308361e-04
5.248060e-05
2.302934e-04
3.498467e-04
9.708911e-05
9.708911e-05
1.413870e-04
2.091915e-04
2.302934e-04
5.098272e-04
2.538000e-04
7.478485e-05
2.091915e-04
7.478485e-05
2.091915e-04
5.248060e-05
9.708911e-05
9.708911e-05
2.197425e-04
2.091915e-04
9.708911e-05
9.708911e-05
5.248060e-05
1.047176e-04
1.594624e-04
5.248060e-05
5.248060e-05
9.708911e-05
1.636912e-04
1.636912e-04
1.047176e-04
1.302866e-04
1.937275e-04
1.080859e-04
2.091915e-04
1.413870e-04
9.708911e-05
1.117515e-04
2.169574e-04
1.047176e-04
1.080859e-04
1.308361e-04
2.091915e-04
7.478485e-05
1.636912e-04
1.080859e-04
1.308361e-04
7.478485e-05
1.080859e-04
9.708911e-05
2.091915e-04
3.195924e-04
6.735010e-05
2.091915e-04
1.675212e-04
6.735010e-05
1.675212e-04
2.302934e-04
8.536078e-05
1.413870e-04
2.302934e-04
1.164826e-04
4.674025e-04
1.192898e-04
7.478485e-05
3.498467e-04
5.248060e-05
5.248060e-05
1.636912e-04
1.636912e-04
5.248060e-05
9.698557e-05
2.875470e-04
5.098272e-04
1.413870e-04
3.659024e-04
9.165833e-05
5.248060e-05
3.498467e-04
3.634977e-04
1.308361e-04
1.080859e-04
2.538000e-04
1.413870e-04
2.302934e-04
2.302934e-04
9.762868e-04
1.413870e-04
6.159229e-04
1.046659e-03
2.359564e-03
1.636912e-04
1.636912e-04
9.708911e-05
9.708911e-05
5.248060e-05
3.498467e-04
1.438953e-04
7.478485e-05
2.091915e-04
1.413870e-04
6.989293e-05
5.248060e-05
2.197425e-04
6.735010e-05
2.302934e-04
3.659024e-04
9.708911e-05
6.015484e-04
2.302934e-04
2.091915e-04
2.302934e-04
1.080859e-04
1.047176e-04
5.248060e-05
9.708911e-05
2.159282e-04
2.091915e-04
2.538000e-04
9.708911e-05
3.498467e-04
2.302934e-04
1.080859e-04
5.248060e-05
7.206947e-05
2.091915e-04
6.672705e-05
2.302934e-04
1.636912e-04
2.302934e-04
5.248060e-05
2.091915e-04
5.248060e-05
2.091915e-04
1.696130e-04
5.248060e-05
2.302934e-04
2.455073e-04
9.708911e-05
3.634977e-04
1.636912e-04
5.248060e-05
1.636912e-04
9.708911e-05
5.248060e-05
1.636912e-04
7.478485e-05
2.302934e-04
9.708911e-05
2.302934e-04
1.413870e-04
2.302934e-04
5.248060e-05
1.080859e-04
5.248060e-05
2.302934e-04
2.091915e-04
1.636912e-04
1.413870e-04
1.080859e-04
4.105109e-04
5.248060e-05
5.248060e-05
2.091915e-04
7.478485e-05
5.248060e-05
1.539649e-04
2.314958e-04
2.302934e-04
2.917172e-04
2.302934e-04
5.248060e-05
2.091915e-04
1.882882e-04
2.302934e-04
5.248060e-05
5.248060e-05
3.498467e-04
9.708911e-05
2.197425e-04
2.302934e-04
5.248060e-05
1.413870e-04
3.870043e-04
1.080859e-04
1.636912e-04
6.363273e-05
9.708911e-05
2.302934e-04
1.782351e-03
1.636912e-04
1.636912e-04
2.302934e-04
7.478485e-05
2.091915e-04
1.636912e-04
5.110671e-04
1.636912e-04
2.302934e-04
5.248060e-05
2.256785e-04
6.735010e-05
1.636912e-04
2.538000e-04
2.302934e-04
1.458601e-04
2.302934e-04
5.248060e-05
2.302934e-04
1.413870e-04
1.413870e-04
1.080859e-04
9.708911e-05
5.248060e-05
2.302934e-04
4.864627e-04
1.413870e-04
7.478485e-05
1.414905e-04
3.870043e-04
5.248060e-05
3.218558e-04
7.859909e-05
5.248060e-05
5.248060e-05
1.308361e-04
1.746881e-04
9.708911e-05
2.203436e-04
7.478485e-05
1.413870e-04
7.478485e-05
1.097282e-04
1.413870e-04
9.708911e-05
1.694381e-04
2.091915e-04
5.248060e-05
2.302934e-04
8.426416e-05
2.302934e-04
5.573941e-04
2.302934e-04
5.248060e-05
2.091915e-04
1.113356e-04
5.248060e-05
7.478485e-05
3.498467e-04
2.302934e-04
5.248060e-05
2.079891e-04
1.413870e-04
1.047176e-04
9.708911e-05
2.302934e-04
7.478485e-05
9.708911e-05
1.948938e-04
1.163915e-04
2.112360e-04
5.248060e-05
2.302934e-04
1.080859e-04
1.636912e-04
1.414905e-04
1.237300e-04
1.308361e-04
1.413870e-04
1.413870e-04
1.636912e-04
5.248060e-05
5.248060e-05
2.091915e-04
5.248060e-05
9.708911e-05
2.302934e-04
2.091915e-04
1.636912e-04
1.308361e-04
2.091915e-04
7.478485e-05
1.413870e-04
2.091915e-04
1.110276e-04
5.248060e-05
9.708911e-05
1.636912e-04
3.659024e-04
5.248060e-05
2.153560e-04
2.822946e-04
1.137396e-04
5.248060e-05
3.498467e-04
4.765432e-04
1.308361e-04
2.302934e-04
2.091915e-04
9.708911e-05
1.080859e-04
5.248060e-05
2.302934e-04
5.248060e-05
9.708911e-05
9.586665e-04
9.708911e-05
1.413870e-04
9.708911e-05
5.248060e-05
2.302934e-04
3.498467e-04
1.416976e-04
1.080859e-04
7.078827e-04
1.858920e-04
9.165833e-05
5.248060e-05
9.708911e-05
4.864627e-04
2.091915e-04
1.080859e-04
2.875470e-04
2.302934e-04
5.248060e-05
1.916182e-04
9.708911e-05
2.151640e-04
3.268510e-04
3.498467e-04
5.248060e-05
2.314958e-04
5.248060e-05
5.248060e-05
1.216127e-04
5.248060e-05
1.160477e-04
1.308361e-04
5.248060e-05
9.374347e-05
5.248060e-05
1.308361e-04
5.248060e-05
1.160477e-04
7.478485e-05
1.636912e-04
5.248060e-05
1.350063e-04
2.819582e-04
5.248060e-05
9.374347e-05
5.248060e-05
5.248060e-05
5.248060e-05
5.248060e-05
9.708911e-05
3.348127e-04
2.409751e-04
5.248060e-05
1.308361e-04
5.248060e-05
5.248060e-05
5.248060e-05
1.047176e-04
1.603456e-04
9.708911e-05
1.308361e-04
5.248060e-05
6.735010e-05
2.538000e-04
5.248060e-05
3.498467e-04
2.302934e-04
2.313282e-04
1.992412e-04
5.248060e-05
1.414905e-04
2.792502e-04
7.478485e-05
5.042523e-04
5.248060e-05
9.841712e-05
8.989894e-05
1.550139e-04
5.248060e-05
7.998918e-05
1.193934e-04
1.413870e-04
1.413870e-04
5.248060e-05
2.090867e-04
1.880236e-04
5.248060e-05
5.248060e-05
9.708911e-05
1.350063e-04
5.248060e-05
8.426416e-05
7.470480e-04
1.267230e-04
5.248060e-05
3.498467e-04
8.173776e-04
1.458601e-04
2.875470e-04
2.091915e-04
5.248060e-05
1.219701e-04
9.374347e-05
2.091915e-04
3.578746e-04
5.248060e-05
5.248060e-05
9.708911e-05
5.248060e-05
5.248060e-05
1.625640e-03
5.248060e-05
5.248060e-05
9.708911e-05
1.125701e-04
2.011637e-04
2.091915e-04
3.573068e-04
1.531403e-04
2.091915e-04
1.303902e-04
2.302934e-04
5.481373e-04
9.374347e-05
5.248060e-05
1.636912e-04
5.248060e-05
5.248060e-05
2.908712e-04
1.080859e-04
2.302934e-04
9.708911e-05
2.091915e-04
9.430787e-05
5.248060e-05
7.478485e-05
6.363273e-05
5.248060e-05
9.708911e-05
7.478485e-05
2.682106e-04
5.248060e-05
1.425020e-04
2.091915e-04
8.829287e-05
5.248060e-05
9.826542e-05
1.170800e-04
1.697908e-04
1.308361e-04
1.579699e-04
2.302934e-04
1.413870e-04
1.034644e-04
2.302934e-04
2.825304e-04
1.033869e-04
1.720989e-04
5.248060e-05
1.707686e-04
1.289849e-04
8.426416e-05
9.253404e-05
1.587793e-04
1.247699e-04
5.248060e-05
2.302934e-04
3.676667e-04
5.105969e-04
1.097282e-04
5.248060e-05
1.350063e-04
2.091915e-04
6.672705e-05
5.248060e-05
9.708911e-05
5.314961e-04
2.091915e-04
1.413870e-04
9.232157e-05
2.302934e-04
5.248060e-05
3.204022e-04
1.256226e-04
1.727475e-04
2.091915e-04
8.426416e-05
9.165833e-05
2.538000e-04
1.305276e-03
5.248060e-05
5.248060e-05
5.248060e-05
2.091915e-04
9.841712e-05
1.350063e-04
1.098583e-04
2.692810e-04
1.229037e-04
5.065576e-04
2.302934e-04
3.498467e-04
2.091915e-04
9.708911e-05
1.413870e-04
1.350063e-04
9.708911e-05
5.248060e-05
1.413870e-04
9.708911e-05
2.091915e-04
3.637944e-04
2.555707e-04
5.248060e-05
1.241051e-04
2.682106e-04
9.143539e-05
1.047147e-04
2.091915e-04
1.308361e-04
1.720989e-04
2.091915e-04
9.374347e-05
7.478485e-05
7.478485e-05
1.350063e-04
1.098583e-04
1.080859e-04
1.457495e-04
2.091915e-04
5.248060e-05
3.248224e-04
7.478485e-05
2.091915e-04
2.482300e-04
1.125701e-04
1.700925e-04
5.248060e-05
1.250573e-04
5.248060e-05
1.729236e-04
9.708911e-05
1.987647e-04
5.248060e-05
1.725560e-04
1.864414e-04
6.735010e-05
5.248060e-05
2.091915e-04
3.649973e-04
7.478485e-05
2.359564e-03
1.199618e-04
2.091915e-04
1.241051e-04
2.091915e-04
1.726595e-04
5.248060e-05
1.519986e-04
9.424340e-05
7.478485e-05
9.000506e-05
1.391624e-04
2.302934e-04
5.248060e-05
9.708911e-05
5.248060e-05
6.735010e-05
1.867550e-04
1.726595e-04
1.968028e-04
2.091915e-04
1.413870e-04
2.482300e-04
9.841712e-05
5.248060e-05
2.091915e-04
2.804596e-04
5.248060e-05
1.308361e-04
2.504544e-04
7.478485e-05
8.426416e-05
1.413870e-04
1.059075e-04
5.248060e-05
5.248060e-05
2.538000e-04
1.481652e-04
5.248060e-05
3.561914e-04
3.498467e-04
1.413870e-04
5.248060e-05
9.708911e-05
2.091915e-04
9.165833e-05
9.708911e-05
9.708911e-05
1.635047e-04
1.503553e-04
5.248060e-05
1.850783e-03
5.248060e-05
5.248060e-05
2.302934e-04
5.248060e-05
1.746881e-04
7.472515e-04
1.144711e-04
7.478485e-05
9.708911e-05
1.308361e-04
7.478485e-05
3.566722e-04
1.321625e-04
9.708911e-05
1.098583e-04
5.248060e-05
2.302042e-04
8.998788e-04
5.248060e-05
3.498467e-04
1.063379e-04
8.804316e-05
1.080859e-04
1.290449e-04
5.248060e-05
5.248060e-05
2.667878e-04
5.248060e-05
1.047176e-04
1.539649e-04
1.726595e-04
1.594624e-04
1.842424e-04
2.091915e-04
1.288947e-04
9.374347e-05
5.248060e-05
2.091915e-04
5.248060e-05
1.206275e-04
9.708911e-05
5.248060e-05
5.248060e-05
7.478485e-05
9.708911e-05
2.875470e-04
1.308361e-04
3.321555e-04
2.104089e-04
2.091915e-04
3.498467e-04
9.708911e-05
5.248060e-05
2.538000e-04
5.248060e-05
1.160477e-04
1.080859e-04
7.478485e-05
3.370714e-04
1.350063e-04
7.478485e-05
9.127060e-05
1.047176e-04
9.232157e-05
5.248060e-05
2.921450e-04
9.708911e-05
9.708911e-05
2.699736e-04
1.308361e-04
1.531403e-04
6.455773e-04
1.913923e-04
5.248060e-05
1.864414e-04
2.091915e-04
1.636912e-04
1.174720e-04
1.636912e-04
9.708911e-05
1.041660e-04
7.478485e-05
7.478485e-05
2.455073e-04
1.626637e-04
3.498467e-04
1.569545e-04
1.308361e-04
5.248060e-05
1.308361e-04
2.091915e-04
1.308361e-04
5.248060e-05
1.308361e-04
5.248060e-05
2.091915e-04
2.091915e-04
1.308361e-04
5.248060e-05
2.091915e-04
2.091915e-04
3.659024e-04
2.091915e-04
1.308361e-04
1.416976e-04
1.916182e-04
2.091915e-04
7.206947e-05
5.248060e-05
2.091915e-04
5.248060e-05
1.026627e-03
5.248060e-05
5.248060e-05
2.091915e-04
1.634503e-02
2.091915e-04
5.407389e-04
1.308361e-04
5.248060e-05
2.091915e-04
1.534997e-04
1.308361e-04
2.091915e-04
5.248060e-05
9.127060e-05
2.091915e-04
2.091915e-04
5.248060e-05
8.382278e-05
2.091915e-04
1.047176e-04
9.125754e-05
9.708911e-05
1.308361e-04
5.248060e-05
1.308361e-04
2.091915e-04
5.248060e-05
1.308361e-04
2.091915e-04
1.308361e-04
9.708911e-05
2.091915e-04
2.091915e-04
1.308361e-04
2.091915e-04
3.659024e-04
5.248060e-05
2.091915e-04
2.091915e-04
5.248060e-05
2.091915e-04
3.498467e-04
1.308361e-04
1.867710e-04
1.308361e-04
1.258983e-04
5.248060e-05
1.308361e-04
5.248060e-05
2.091915e-04
9.127060e-05
2.091915e-04
1.375970e-04
2.091915e-04
2.091915e-04
6.735010e-05
2.091915e-04
5.248060e-05
2.091915e-04
2.091915e-04
7.478485e-05
1.308361e-04
2.091915e-04
6.338240e-04
2.091915e-04
5.248060e-05
1.308361e-04
5.248060e-05
5.248060e-05
2.091915e-04
2.091915e-04
5.248060e-05
2.875470e-04
1.308361e-04
2.091915e-04
2.091915e-04
3.498467e-04
2.091915e-04
2.091915e-04
3.659024e-04
1.047176e-04
5.248060e-05
2.091915e-04
2.091915e-04
2.091915e-04
3.659024e-04
2.091915e-04
5.248060e-05
1.308361e-04
5.248060e-05
2.091915e-04
2.302934e-04
1.308361e-04
1.308361e-04
2.091915e-04
5.248060e-05
2.091915e-04
1.308361e-04
1.308361e-04
1.308361e-04
2.091915e-04
1.308361e-04
5.248060e-05
2.091915e-04
1.308361e-04
5.248060e-05
5.248060e-05
2.091915e-04
3.659024e-04
1.308361e-04
1.308361e-04
2.091915e-04
2.091915e-04
2.091915e-04
9.165833e-05
1.308361e-04
2.091915e-04
5.248060e-05
2.091915e-04
5.248060e-05
1.117515e-04
2.091915e-04
3.498467e-04
5.248060e-05
1.308361e-04
1.308361e-04
2.091915e-04
5.248060e-05
3.498467e-04
2.091915e-04
2.091915e-04
1.308361e-04
9.708911e-05
1.308361e-04
2.091915e-04
2.091915e-04
5.248060e-05
1.308361e-04
1.308361e-04
5.248060e-05
2.091915e-04
1.465072e-04
3.498467e-04
5.248060e-05
5.248060e-05
2.091915e-04
9.708911e-05
1.308361e-04
2.091915e-04
1.308361e-04
2.091915e-04
2.091915e-04
2.091915e-04
2.091915e-04
2.091915e-04
5.248060e-05
1.308361e-04
6.561282e-04
2.091915e-04
5.248060e-05
1.308361e-04
3.659024e-04
4.541861e-04
9.708911e-05
2.091915e-04
2.091915e-04
2.091915e-04
5.248060e-05
5.248060e-05
2.091915e-04
5.248060e-05
1.308361e-04
1.308361e-04
1.308361e-04
1.308361e-04
2.091915e-04
2.091915e-04
2.091915e-04
1.308361e-04
5.248060e-05
2.091915e-04
1.308361e-04
5.248060e-05
5.248060e-05
5.248060e-05
2.091915e-04
1.308361e-04
3.498467e-04
1.308361e-04
5.248060e-05
1.169622e-03
2.091915e-04
6.628734e-04
1.949638e-04
1.308361e-04
2.091915e-04
2.091915e-04
2.091915e-04
3.498467e-04
3.659024e-04
2.091915e-04
1.308361e-04
5.248060e-05
5.248060e-05
1.047176e-04
2.091915e-04
2.091915e-04
1.308361e-04
2.091915e-04
2.091915e-04
1.308361e-04
2.091915e-04
2.091915e-04
1.308361e-04
5.248060e-05
2.091915e-04
2.091915e-04
1.308361e-04
2.091915e-04
2.220663e-04
1.308361e-04
2.091915e-04
2.091915e-04
5.248060e-05
1.308361e-04
5.248060e-05
2.091915e-04
2.091915e-04
2.091915e-04
5.248060e-05
5.248060e-05
1.505930e-04
7.859909e-05
2.091915e-04
2.091915e-04
2.091915e-04
2.091915e-04
2.091915e-04
1.047176e-04
1.353419e-04
1.353419e-04
1.047176e-04
1.830730e-04
1.308361e-04
1.308361e-04
5.248060e-05
1.308361e-04
1.258609e-04
1.308361e-04
5.248060e-05
2.091915e-04
1.308361e-04
1.308361e-04
2.091915e-04
2.091915e-04
5.248060e-05
1.308361e-04
1.415595e-03
2.091915e-04
3.870043e-04
1.308361e-04
3.498467e-04
1.308361e-04
5.248060e-05
2.091915e-04
2.091915e-04
5.248060e-05
5.248060e-05
5.380671e-04
2.091915e-04
2.091915e-04
5.248060e-05
1.308361e-04
3.498467e-04
2.091915e-04
1.080859e-04
5.248060e-05
2.091915e-04
5.248060e-05
2.091915e-04
5.248060e-05
5.248060e-05
1.308361e-04
1.636912e-04
5.248060e-05
2.091915e-04
1.047176e-04
1.843658e-04
1.843658e-04
1.843658e-04
1.843658e-04
1.843658e-04
1.843658e-04
1.843658e-04
1.843658e-04
1.843658e-04
1.843658e-04
1.843658e-04
1.843658e-04
1.843658e-04
1.843658e-04
1.843658e-04
1.843658e-04
1.843658e-04
1.843658e-04
1.843658e-04
1.843658e-04
1.843658e-04
1.843658e-04
1.843658e-04
1.843658e-04
1.843658e-04
1.843658e-04
1.843658e-04
1.843658e-04
1.843658e-04
1.843658e-04
1.843658e-04
1.843658e-04
1.843658e-04
1.843658e-04
1.843658e-04
1.843658e-04
1.843658e-04
1.843658e-04
1.843658e-04
1.843658e-04
1.843658e-04
1.843658e-04
1.843658e-04
1.843658e-04
1.843658e-04
1.843658e-04
1.843658e-04
1.843658e-04
1.843658e-04
1.843658e-04
1.843658e-04
1.843658e-04
1.843658e-04
1.843658e-04
1.843658e-04
1.843658e-04
1.843658e-04
1.843658e-04
1.843658e-04
1.843658e-04
1.843658e-04
1.843658e-04
1.843658e-04
1.843658e-04
1.843658e-04
1.843658e-04
1.843658e-04
1.843658e-04
1.843658e-04
1.843658e-04
1.843658e-04
1.843658e-04
1.843658e-04
1.843658e-04
1.843658e-04
1.843658e-04
1.843658e-04
1.843658e-04
1.843658e-04
1.843658e-04
1.843658e-04
1.843658e-04
1.843658e-04
1.843658e-04
1.843658e-04
1.843658e-04
1.843658e-04
1.843658e-04
1.843658e-04
1.843658e-04
1.843658e-04
1.843658e-04
1.843658e-04
1.843658e-04
1.843658e-04
1.843658e-04
1.843658e-04
1.843658e-04
1.843658e-04
1.843658e-04
1.843658e-04
1.843658e-04
1.843658e-04
1.843658e-04
1.843658e-04
1.843658e-04
1.843658e-04
1.843658e-04
1.843658e-04
1.843658e-04
1.843658e-04
1.843658e-04
1.843658e-04
1.843658e-04
1.843658e-04
1.843658e-04
1.843658e-04
1.843658e-04
1.843658e-04
1.843658e-04
1.843658e-04
1.843658e-04
1.843658e-04
1.843658e-04
1.843658e-04
1.843658e-04
1.843658e-04
1.843658e-04
1.843658e-04
1.843658e-04
1.843658e-04
1.843658e-04
1.843658e-04
1.843658e-04
1.843658e-04
1.843658e-04
1.843658e-04
1.843658e-04
1.843658e-04
1.843658e-04
1.843658e-04
1.843658e-04
1.843658e-04
1.843658e-04
1.843658e-04
1.843658e-04
1.843658e-04
1.843658e-04
1.843658e-04
1.843658e-04
1.843658e-04
1.843658e-04
1.843658e-04
1.843658e-04
1.843658e-04
1.843658e-04
1.843658e-04
1.843658e-04
1.843658e-04
1.843658e-04
1.843658e-04
1.843658e-04
1.843658e-04
1.843658e-04
1.843658e-04
1.843658e-04
1.843658e-04
1.843658e-04
1.843658e-04
1.843658e-04
1.843658e-04
1.843658e-04
1.843658e-04
1.843658e-04
1.843658e-04
1.843658e-04
1.843658e-04
1.843658e-04
1.843658e-04
1.843658e-04
1.843658e-04
1.843658e-04
1.843658e-04
1.843658e-04
1.843658e-04
1.843658e-04
1.843658e-04
1.843658e-04
1.843658e-04
1.843658e-04
1.843658e-04
1.843658e-04
1.843658e-04
1.843658e-04
1.843658e-04
1.843658e-04
1.843658e-04
1.843658e-04
1.843658e-04
1.843658e-04
1.843658e-04
1.843658e-04
1.843658e-04
1.843658e-04
1.843658e-04
1.843658e-04
1.843658e-04
1.843658e-04
1.843658e-04
1.843658e-04
1.843658e-04
1.843658e-04
1.843658e-04
1.843658e-04
1.843658e-04
1.843658e-04
1.843658e-04
1.843658e-04
1.843658e-04
1.843658e-04
1.843658e-04
1.843658e-04
1.843658e-04
1.843658e-04
1.843658e-04
1.843658e-04
1.843658e-04
1.843658e-04
1.843658e-04
1.843658e-04
1.843658e-04
1.843658e-04
1.843658e-04
1.843658e-04
1.843658e-04
1.843658e-04
1.843658e-04
1.843658e-04
1.843658e-04
1.843658e-04
1.843658e-04
1.843658e-04
1.843658e-04
1.843658e-04
1.843658e-04
1.843658e-04
1.843658e-04
1.843658e-04
1.843658e-04
1.843658e-04
1.843658e-04
1.843658e-04
1.843658e-04
1.843658e-04
1.843658e-04
1.843658e-04
1.843658e-04
1.843658e-04
1.843658e-04
1.843658e-04
1.843658e-04
1.843658e-04
1.843658e-04
1.843658e-04
1.843658e-04
1.843658e-04
1.843658e-04
1.843658e-04
1.843658e-04
1.843658e-04
1.843658e-04
1.843658e-04
1.843658e-04
1.843658e-04
1.843658e-04
1.843658e-04
1.843658e-04
1.843658e-04
1.843658e-04
1.843658e-04
1.843658e-04
1.843658e-04
1.843658e-04
1.843658e-04
1.843658e-04
1.843658e-04
1.843658e-04
1.843658e-04
1.843658e-04
1.843658e-04
1.843658e-04
1.843658e-04
1.843658e-04
1.843658e-04
1.843658e-04
1.843658e-04
1.843658e-04
1.843658e-04
1.843658e-04
1.843658e-04
1.843658e-04
1.843658e-04
1.843658e-04
1.843658e-04
1.843658e-04
1.843658e-04
1.843658e-04
1.843658e-04
1.843658e-04
1.843658e-04
1.843658e-04
1.843658e-04
1.843658e-04
1.843658e-04
1.843658e-04
1.843658e-04
1.843658e-04
1.843658e-04
1.843658e-04
1.843658e-04
1.843658e-04
1.843658e-04
1.843658e-04
1.843658e-04
1.843658e-04
1.843658e-04
1.843658e-04
1.843658e-04
1.843658e-04
1.843658e-04
1.843658e-04
1.843658e-04
1.843658e-04
1.843658e-04
1.843658e-04
1.843658e-04
1.843658e-04
1.843658e-04
1.843658e-04
1.843658e-04
1.843658e-04
1.843658e-04
1.843658e-04
1.843658e-04
1.843658e-04
1.843658e-04
1.843658e-04
1.843658e-04
1.843658e-04
1.843658e-04
1.843658e-04
1.843658e-04
1.843658e-04
1.843658e-04
1.843658e-04
1.843658e-04
1.843658e-04
1.843658e-04
1.843658e-04
1.843658e-04
1.843658e-04
1.843658e-04
1.843658e-04
1.843658e-04
1.843658e-04
1.843658e-04
1.843658e-04
1.843658e-04
1.843658e-04
1.843658e-04
1.843658e-04
1.843658e-04
1.843658e-04
1.843658e-04
1.843658e-04
1.843658e-04
1.843658e-04
1.843658e-04
1.843658e-04
1.843658e-04
1.843658e-04
1.843658e-04
1.843658e-04
1.843658e-04
1.843658e-04
1.843658e-04
1.843658e-04
1.843658e-04
1.843658e-04
1.843658e-04
1.843658e-04
1.843658e-04
1.843658e-04
1.843658e-04
1.843658e-04
1.843658e-04
1.843658e-04
1.843658e-04
1.843658e-04
1.843658e-04
1.843658e-04
1.843658e-04
1.843658e-04
1.843658e-04
1.843658e-04
1.843658e-04
1.843658e-04
1.843658e-04
1.843658e-04
1.843658e-04
1.843658e-04
1.843658e-04
1.843658e-04
1.843658e-04
1.843658e-04
1.843658e-04
1.843658e-04
1.843658e-04
1.843658e-04
1.843658e-04
1.843658e-04
1.843658e-04
1.843658e-04
1.843658e-04
1.843658e-04
1.843658e-04
1.843658e-04
1.843658e-04
1.843658e-04
1.843658e-04
1.843658e-04
1.843658e-04
1.843658e-04
1.843658e-04
1.843658e-04
1.843658e-04
1.843658e-04
1.843658e-04
1.843658e-04
1.843658e-04
1.843658e-04
1.843658e-04
1.843658e-04
1.843658e-04
1.843658e-04
1.843658e-04
1.843658e-04
1.843658e-04
1.843658e-04
1.843658e-04
1.843658e-04
1.843658e-04
1.843658e-04
1.843658e-04
1.843658e-04
1.843658e-04
1.843658e-04
1.843658e-04
1.843658e-04
1.843658e-04
1.843658e-04
1.843658e-04
1.843658e-04
1.843658e-04
1.843658e-04
1.843658e-04
1.843658e-04
1.843658e-04
1.843658e-04
1.843658e-04
1.843658e-04
1.843658e-04
1.843658e-04
1.843658e-04
1.843658e-04
1.843658e-04
1.843658e-04
1.843658e-04
1.843658e-04
1.843658e-04
1.843658e-04
1.843658e-04
1.843658e-04
1.843658e-04
1.843658e-04
1.843658e-04
1.843658e-04
1.843658e-04
1.843658e-04
1.843658e-04
1.843658e-04
1.843658e-04
1.843658e-04
1.843658e-04
1.843658e-04
1.843658e-04
1.843658e-04
1.843658e-04
1.843658e-04
1.843658e-04
1.843658e-04
1.843658e-04
1.843658e-04
1.843658e-04
1.843658e-04
1.843658e-04
1.843658e-04
1.843658e-04
1.843658e-04
1.843658e-04
1.843658e-04
1.843658e-04
1.843658e-04
1.843658e-04
1.843658e-04
1.843658e-04
1.843658e-04
1.843658e-04
1.843658e-04
1.843658e-04
1.843658e-04
1.843658e-04
1.843658e-04
1.843658e-04
1.843658e-04
1.843658e-04
1.843658e-04
1.843658e-04
1.843658e-04
1.843658e-04
1.843658e-04
1.843658e-04
1.843658e-04
1.843658e-04
1.843658e-04
1.843658e-04
1.843658e-04
1.843658e-04
1.843658e-04
1.843658e-04
1.843658e-04
1.843658e-04
1.843658e-04
1.843658e-04
1.843658e-04
1.843658e-04
1.843658e-04
1.843658e-04
1.843658e-04
1.843658e-04
1.843658e-04
1.843658e-04
1.843658e-04
1.843658e-04
1.843658e-04
1.843658e-04
1.843658e-04
1.843658e-04
1.843658e-04
1.843658e-04
1.843658e-04
1.843658e-04
1.843658e-04
1.843658e-04
1.843658e-04
1.843658e-04
1.843658e-04
1.843658e-04
1.843658e-04
1.843658e-04
1.843658e-04
1.843658e-04
1.843658e-04
1.843658e-04
1.843658e-04
1.843658e-04
1.843658e-04
1.843658e-04
1.843658e-04
1.843658e-04
1.843658e-04
1.843658e-04
1.843658e-04
1.843658e-04
1.843658e-04
1.843658e-04
1.843658e-04
1.843658e-04
1.843658e-04
1.843658e-04
1.843658e-04
1.843658e-04
1.843658e-04
1.843658e-04
1.843658e-04
1.843658e-04
1.843658e-04
1.843658e-04
1.843658e-04
1.843658e-04
1.843658e-04
1.843658e-04
1.843658e-04
1.843658e-04
1.843658e-04
1.843658e-04
1.843658e-04
1.843658e-04
1.843658e-04
1.843658e-04
1.843658e-04
1.843658e-04
1.843658e-04
1.843658e-04
1.843658e-04
1.843658e-04
1.843658e-04
1.843658e-04
1.843658e-04
1.843658e-04
1.843658e-04
1.843658e-04
1.843658e-04
1.843658e-04
1.843658e-04
1.843658e-04
1.843658e-04
1.843658e-04
1.843658e-04
1.843658e-04
1.843658e-04
1.843658e-04
1.843658e-04
1.843658e-04
1.843658e-04
1.843658e-04
1.843658e-04
1.843658e-04
1.843658e-04
1.843658e-04
1.843658e-04
1.843658e-04
1.843658e-04
1.843658e-04
1.843658e-04
1.843658e-04
1.843658e-04
1.843658e-04
1.843658e-04
1.843658e-04
1.843658e-04
1.843658e-04
1.843658e-04
1.843658e-04
1.843658e-04
1.843658e-04
1.843658e-04
1.843658e-04
1.843658e-04
1.843658e-04
1.843658e-04
1.843658e-04
1.843658e-04
1.843658e-04
1.843658e-04
1.843658e-04
1.843658e-04
1.843658e-04
1.843658e-04
1.843658e-04
1.843658e-04
1.843658e-04
1.843658e-04
1.843658e-04
1.843658e-04
1.843658e-04
1.843658e-04
1.843658e-04
1.843658e-04
1.843658e-04
1.843658e-04
1.843658e-04
1.843658e-04
1.843658e-04
1.843658e-04
1.843658e-04
1.843658e-04
1.843658e-04
1.843658e-04
1.843658e-04
1.843658e-04
1.843658e-04
1.843658e-04
1.843658e-04
1.843658e-04
1.843658e-04
1.843658e-04
1.843658e-04
1.843658e-04
1.843658e-04
1.843658e-04
1.843658e-04
1.843658e-04
1.843658e-04
1.843658e-04
1.843658e-04
1.843658e-04
1.843658e-04
1.843658e-04
1.843658e-04
1.843658e-04
1.843658e-04
1.843658e-04
1.843658e-04
1.843658e-04
1.843658e-04
1.843658e-04
1.843658e-04
1.843658e-04
1.843658e-04
1.843658e-04
1.843658e-04
1.843658e-04
1.843658e-04
1.843658e-04
1.843658e-04
1.843658e-04
1.843658e-04
1.843658e-04
1.843658e-04
1.843658e-04
1.843658e-04
1.843658e-04
1.843658e-04
1.843658e-04
1.843658e-04
1.843658e-04
1.843658e-04
1.843658e-04
1.843658e-04
1.843658e-04
1.843658e-04
1.843658e-04
1.843658e-04
1.843658e-04
1.843658e-04
1.843658e-04
1.843658e-04
1.843658e-04
1.843658e-04
1.843658e-04
1.843658e-04
1.843658e-04
1.843658e-04
1.843658e-04
1.843658e-04
1.843658e-04
1.843658e-04
1.843658e-04
1.843658e-04
1.843658e-04
1.843658e-04
1.843658e-04
1.843658e-04
1.843658e-04
1.843658e-04
1.843658e-04
1.843658e-04
1.843658e-04
1.843658e-04
1.843658e-04
1.843658e-04
1.843658e-04
1.843658e-04
1.843658e-04
1.843658e-04
1.843658e-04
1.843658e-04
1.843658e-04
1.843658e-04
1.843658e-04
1.843658e-04
1.843658e-04
1.843658e-04
1.843658e-04
1.843658e-04
1.843658e-04
1.843658e-04
1.843658e-04
1.843658e-04
1.843658e-04
1.843658e-04
1.843658e-04
1.843658e-04
1.843658e-04
1.843658e-04
1.843658e-04
1.843658e-04
1.843658e-04
1.843658e-04
1.843658e-04
1.843658e-04
1.843658e-04
1.843658e-04
1.843658e-04
1.843658e-04
1.843658e-04
1.843658e-04
1.843658e-04
1.843658e-04
1.843658e-04
1.843658e-04
1.843658e-04
1.843658e-04
1.843658e-04
1.843658e-04
1.843658e-04
1.843658e-04
1.843658e-04
1.843658e-04
1.843658e-04
1.843658e-04
1.843658e-04
1.843658e-04
1.843658e-04
1.843658e-04
1.843658e-04
1.843658e-04
1.843658e-04
1.843658e-04
1.843658e-04
1.843658e-04
1.843658e-04
1.843658e-04
1.843658e-04
1.843658e-04
1.843658e-04
1.843658e-04
1.843658e-04
1.843658e-04
1.843658e-04
1.843658e-04
1.843658e-04
1.843658e-04
1.843658e-04
1.843658e-04
1.843658e-04
1.843658e-04
1.843658e-04
1.843658e-04
1.843658e-04
1.843658e-04
1.843658e-04
1.843658e-04
1.843658e-04
1.843658e-04
1.843658e-04
1.843658e-04
1.843658e-04
1.843658e-04
1.843658e-04
1.843658e-04
1.843658e-04
1.843658e-04
1.843658e-04
1.843658e-04
1.843658e-04
1.843658e-04
1.843658e-04
1.843658e-04
1.843658e-04
1.843658e-04
1.843658e-04
1.843658e-04
1.843658e-04
1.843658e-04
1.843658e-04
1.843658e-04
1.843658e-04
1.843658e-04
1.843658e-04
1.843658e-04
1.843658e-04
1.843658e-04
1.843658e-04
1.843658e-04
1.843658e-04
1.843658e-04
1.843658e-04
1.843658e-04
1.843658e-04
1.843658e-04
1.843658e-04
1.843658e-04
1.843658e-04
1.843658e-04
1.843658e-04
1.843658e-04
1.843658e-04
1.843658e-04
1.843658e-04
1.843658e-04
1.843658e-04
1.843658e-04
1.843658e-04
1.843658e-04
1.843658e-04
1.843658e-04
1.843658e-04
1.843658e-04
1.843658e-04
1.843658e-04
1.843658e-04
1.843658e-04
1.843658e-04
1.843658e-04
1.843658e-04
1.843658e-04
1.843658e-04
1.843658e-04
1.843658e-04
1.843658e-04
1.843658e-04
1.843658e-04
1.843658e-04
1.843658e-04
1.843658e-04
1.843658e-04
1.843658e-04
1.843658e-04
1.843658e-04
1.843658e-04
1.843658e-04
1.843658e-04
1.843658e-04
1.843658e-04
1.843658e-04
1.843658e-04
1.843658e-04
1.843658e-04
1.843658e-04
1.843658e-04
1.843658e-04
1.843658e-04
1.843658e-04
1.843658e-04
1.843658e-04
1.843658e-04
1.843658e-04
1.843658e-04
1.843658e-04
1.843658e-04
1.843658e-04
1.843658e-04
1.843658e-04
1.843658e-04
1.843658e-04
1.843658e-04
1.843658e-04
1.843658e-04
1.843658e-04
1.843658e-04
1.843658e-04
1.843658e-04
1.843658e-04
1.843658e-04
1.843658e-04
1.843658e-04
1.843658e-04
1.843658e-04
1.843658e-04
1.843658e-04
1.843658e-04
1.843658e-04
1.843658e-04
1.843658e-04
1.843658e-04
1.843658e-04
1.843658e-04
1.843658e-04
1.843658e-04
1.843658e-04
1.843658e-04
1.843658e-04
1.843658e-04
1.843658e-04
1.843658e-04
1.843658e-04
1.843658e-04
1.843658e-04
1.843658e-04
1.843658e-04
1.843658e-04
1.843658e-04
1.843658e-04
1.843658e-04
1.843658e-04
1.843658e-04
1.843658e-04
1.843658e-04
1.843658e-04
1.843658e-04
1.843658e-04
1.843658e-04
1.843658e-04
1.843658e-04
1.843658e-04
1.843658e-04
1.843658e-04
1.843658e-04
1.843658e-04
1.843658e-04
1.843658e-04
1.843658e-04
1.843658e-04
1.843658e-04
1.843658e-04
1.843658e-04
1.843658e-04
1.843658e-04
1.843658e-04
1.843658e-04
1.843658e-04
1.843658e-04
1.843658e-04
1.843658e-04
1.843658e-04
1.843658e-04
1.843658e-04
1.843658e-04
1.843658e-04
1.843658e-04
1.843658e-04
1.843658e-04
1.843658e-04
1.843658e-04
1.843658e-04
1.843658e-04
1.843658e-04
1.843658e-04
1.843658e-04
1.843658e-04
1.843658e-04
1.843658e-04
1.843658e-04
1.843658e-04
1.843658e-04
1.843658e-04
1.843658e-04
1.843658e-04
1.843658e-04
1.843658e-04
1.843658e-04
1.843658e-04
1.843658e-04
1.843658e-04
1.843658e-04
1.843658e-04
1.843658e-04
1.843658e-04
1.843658e-04
1.843658e-04
1.843658e-04
1.843658e-04
1.843658e-04
1.843658e-04
1.843658e-04
1.843658e-04
1.843658e-04
1.843658e-04
1.843658e-04
1.843658e-04
1.843658e-04
1.843658e-04
1.843658e-04
1.843658e-04
1.843658e-04
1.843658e-04
1.843658e-04
1.843658e-04
1.843658e-04
1.843658e-04
1.843658e-04
1.843658e-04
1.843658e-04
1.843658e-04
1.843658e-04
1.843658e-04
1.843658e-04
1.843658e-04
1.843658e-04
1.843658e-04
1.843658e-04
1.843658e-04
1.843658e-04
1.843658e-04
1.843658e-04
1.843658e-04
1.843658e-04
1.843658e-04
1.843658e-04
1.843658e-04
1.843658e-04
1.843658e-04
1.843658e-04
1.843658e-04
1.843658e-04
1.843658e-04
1.843658e-04
1.843658e-04
1.843658e-04
1.843658e-04
1.843658e-04
1.843658e-04
1.843658e-04
1.843658e-04
1.843658e-04
1.843658e-04
1.843658e-04
1.843658e-04
1.843658e-04
1.843658e-04
1.843658e-04
1.843658e-04
1.843658e-04
1.843658e-04
1.843658e-04
1.843658e-04
1.843658e-04
1.843658e-04
1.843658e-04
1.843658e-04
1.843658e-04
1.843658e-04
1.843658e-04
1.843658e-04
1.843658e-04
1.843658e-04
1.843658e-04
1.843658e-04
1.843658e-04
1.843658e-04
1.843658e-04
1.843658e-04
1.843658e-04
1.843658e-04
1.843658e-04
1.843658e-04
1.843658e-04
1.843658e-04
1.843658e-04
1.843658e-04
1.843658e-04
1.843658e-04
1.843658e-04
1.843658e-04
1.843658e-04
1.843658e-04
1.843658e-04
1.843658e-04
1.843658e-04
1.843658e-04
1.843658e-04
1.843658e-04
1.843658e-04
1.843658e-04
1.843658e-04
1.843658e-04
1.843658e-04
1.843658e-04
1.843658e-04
1.843658e-04
1.843658e-04
1.843658e-04
1.843658e-04
1.843658e-04
1.843658e-04
1.843658e-04
1.843658e-04
1.843658e-04
1.843658e-04
1.843658e-04
1.843658e-04
1.843658e-04
1.843658e-04
1.843658e-04
1.843658e-04
1.843658e-04
1.843658e-04
1.843658e-04
1.843658e-04
1.843658e-04
1.843658e-04
1.843658e-04
1.843658e-04
1.843658e-04
1.843658e-04
1.843658e-04
1.843658e-04
1.843658e-04
1.843658e-04
1.843658e-04
1.843658e-04
1.843658e-04
1.843658e-04
1.843658e-04
1.843658e-04
1.843658e-04
1.843658e-04
1.843658e-04
1.843658e-04
1.843658e-04
1.843658e-04
1.843658e-04
1.843658e-04
1.843658e-04
1.843658e-04
1.843658e-04
1.843658e-04
1.843658e-04
1.843658e-04
1.843658e-04
1.843658e-04
1.843658e-04
1.843658e-04
1.843658e-04
1.843658e-04
1.843658e-04
1.843658e-04
1.843658e-04
1.843658e-04
1.843658e-04
1.843658e-04
1.843658e-04
1.843658e-04
1.843658e-04
1.843658e-04
1.843658e-04
1.843658e-04
1.843658e-04
1.843658e-04
1.843658e-04
1.843658e-04
1.843658e-04
1.843658e-04
1.843658e-04
1.843658e-04
1.843658e-04
1.843658e-04
1.843658e-04
1.843658e-04
1.843658e-04
1.843658e-04
1.843658e-04
1.843658e-04
1.843658e-04
1.843658e-04
1.843658e-04
1.843658e-04
1.843658e-04
1.843658e-04
1.843658e-04
1.843658e-04
1.843658e-04
1.843658e-04
1.843658e-04
1.843658e-04
1.843658e-04
1.843658e-04
1.843658e-04
1.843658e-04
1.843658e-04
1.843658e-04
1.843658e-04
1.843658e-04
1.843658e-04
1.843658e-04
1.843658e-04
1.843658e-04
1.843658e-04
1.843658e-04
1.843658e-04
1.843658e-04
1.843658e-04
1.843658e-04
1.843658e-04
1.843658e-04
1.843658e-04
1.843658e-04
1.843658e-04
1.843658e-04
1.843658e-04
1.843658e-04
1.843658e-04
1.843658e-04
1.843658e-04
1.843658e-04
1.843658e-04
1.843658e-04
1.843658e-04
1.843658e-04
1.843658e-04
1.843658e-04
1.843658e-04
1.843658e-04
1.843658e-04
1.843658e-04
1.843658e-04
1.843658e-04
1.843658e-04
1.843658e-04
1.843658e-04
1.843658e-04
1.843658e-04
1.843658e-04
1.843658e-04
1.843658e-04
1.843658e-04
1.843658e-04
1.843658e-04
1.843658e-04
1.843658e-04
1.843658e-04
1.843658e-04
1.843658e-04
1.843658e-04
1.843658e-04
1.843658e-04
1.843658e-04
1.843658e-04
1.843658e-04
1.843658e-04
1.843658e-04
1.843658e-04
1.843658e-04
1.843658e-04
1.843658e-04
1.843658e-04
1.843658e-04
1.843658e-04
1.843658e-04
1.843658e-04
1.843658e-04
1.843658e-04
1.843658e-04
1.843658e-04
1.843658e-04
1.843658e-04
1.843658e-04
1.843658e-04
1.843658e-04
1.843658e-04
1.843658e-04
1.843658e-04
1.843658e-04
1.843658e-04
1.843658e-04
1.843658e-04
1.843658e-04
1.843658e-04
1.843658e-04
1.843658e-04
1.843658e-04
1.843658e-04
1.843658e-04
1.843658e-04
1.843658e-04
1.843658e-04
1.843658e-04
1.843658e-04
1.843658e-04
1.843658e-04
1.843658e-04
1.843658e-04
1.843658e-04
1.843658e-04
1.843658e-04
1.843658e-04
1.843658e-04
1.843658e-04
1.843658e-04
1.843658e-04
1.843658e-04
1.843658e-04
1.843658e-04
1.843658e-04
1.843658e-04
1.843658e-04
1.843658e-04
1.843658e-04
1.843658e-04
1.843658e-04
1.843658e-04
1.843658e-04
1.843658e-04
1.843658e-04
1.843658e-04
1.843658e-04
1.843658e-04
1.843658e-04
1.843658e-04
1.843658e-04
1.843658e-04
1.843658e-04
1.843658e-04
1.843658e-04
1.843658e-04
1.843658e-04
1.843658e-04
1.843658e-04
1.843658e-04
1.843658e-04
1.843658e-04
1.843658e-04
1.843658e-04
1.843658e-04
1.843658e-04
1.843658e-04
1.843658e-04
1.843658e-04
1.843658e-04
1.843658e-04
1.843658e-04
1.843658e-04
1.843658e-04
1.843658e-04
1.843658e-04
1.843658e-04
1.843658e-04
1.843658e-04
1.843658e-04
1.843658e-04
1.843658e-04
1.843658e-04
1.843658e-04
1.843658e-04
1.843658e-04
1.843658e-04
1.843658e-04
1.843658e-04
1.843658e-04
1.843658e-04
1.843658e-04
1.843658e-04
1.843658e-04
1.843658e-04
1.843658e-04
1.843658e-04
1.843658e-04
1.843658e-04
1.843658e-04
1.843658e-04
1.843658e-04
1.843658e-04
1.843658e-04
1.843658e-04
1.843658e-04
1.843658e-04
1.843658e-04
1.843658e-04
1.843658e-04
1.843658e-04
1.843658e-04
1.843658e-04
1.843658e-04
1.843658e-04
1.843658e-04
1.843658e-04
1.843658e-04
1.843658e-04
1.843658e-04
1.843658e-04
1.843658e-04
1.843658e-04
1.843658e-04
1.843658e-04
1.843658e-04
1.843658e-04
1.843658e-04
1.843658e-04
1.843658e-04
1.843658e-04
1.843658e-04
1.843658e-04
1.843658e-04
1.843658e-04
1.843658e-04
1.843658e-04
1.843658e-04
1.843658e-04
1.843658e-04
1.843658e-04
1.843658e-04
1.843658e-04
1.843658e-04
1.843658e-04
1.843658e-04
1.843658e-04
1.843658e-04
1.843658e-04
1.843658e-04
1.843658e-04
1.843658e-04
1.843658e-04
1.843658e-04
1.843658e-04
1.843658e-04
1.843658e-04
1.843658e-04
1.843658e-04
1.843658e-04
1.843658e-04
1.843658e-04
1.843658e-04
1.843658e-04
1.843658e-04
1.843658e-04
1.843658e-04
1.843658e-04
1.843658e-04
1.843658e-04
1.843658e-04
1.843658e-04
1.843658e-04
1.843658e-04
1.843658e-04
1.843658e-04
1.843658e-04
1.843658e-04
1.843658e-04
1.843658e-04
1.843658e-04
1.843658e-04
1.843658e-04
1.843658e-04
1.843658e-04
1.843658e-04
1.843658e-04
1.843658e-04
1.843658e-04
1.843658e-04
1.843658e-04
1.843658e-04
1.843658e-04
1.843658e-04
1.843658e-04
1.843658e-04
1.843658e-04
1.843658e-04
1.843658e-04
1.843658e-04
1.843658e-04
1.843658e-04
1.843658e-04
1.843658e-04
1.843658e-04
1.843658e-04
1.843658e-04
1.843658e-04
1.843658e-04
1.843658e-04
1.843658e-04
1.843658e-04
1.843658e-04
1.843658e-04
1.843658e-04
1.843658e-04
1.843658e-04
1.843658e-04
1.843658e-04
1.843658e-04
1.843658e-04
1.843658e-04
1.843658e-04
1.843658e-04
1.843658e-04
1.843658e-04
1.843658e-04
1.843658e-04
1.843658e-04
1.843658e-04
1.843658e-04
1.843658e-04
1.843658e-04
1.843658e-04
1.843658e-04
1.843658e-04
1.843658e-04
1.843658e-04
1.843658e-04
1.843658e-04
1.843658e-04
1.843658e-04
1.843658e-04
1.843658e-04
1.843658e-04
1.843658e-04
1.843658e-04
1.843658e-04
1.843658e-04
1.843658e-04
1.843658e-04
1.843658e-04
1.843658e-04
1.843658e-04
1.843658e-04
1.843658e-04
1.843658e-04
1.843658e-04
1.843658e-04
1.843658e-04
1.843658e-04
1.843658e-04
1.843658e-04
1.843658e-04
1.843658e-04
1.843658e-04
1.843658e-04
1.843658e-04
1.843658e-04
1.843658e-04
1.843658e-04
1.843658e-04
1.843658e-04
1.843658e-04
1.843658e-04
1.843658e-04
1.843658e-04
1.843658e-04
1.843658e-04
1.843658e-04
1.843658e-04
1.843658e-04
1.843658e-04
1.843658e-04
1.843658e-04
1.843658e-04
1.843658e-04
1.843658e-04
1.843658e-04
1.843658e-04
1.843658e-04
1.843658e-04
1.843658e-04
1.843658e-04
1.843658e-04
1.843658e-04
1.843658e-04
1.843658e-04
1.843658e-04
1.843658e-04
1.843658e-04
1.843658e-04
1.843658e-04
1.843658e-04
1.843658e-04
1.843658e-04
1.843658e-04
1.843658e-04
1.843658e-04
1.843658e-04
1.843658e-04
1.843658e-04
1.843658e-04
1.843658e-04
1.843658e-04
1.843658e-04
1.843658e-04
1.843658e-04
1.843658e-04
1.843658e-04
1.843658e-04
1.843658e-04
1.843658e-04
1.843658e-04
1.843658e-04
1.843658e-04
1.843658e-04
1.843658e-04
1.843658e-04
1.843658e-04
1.843658e-04
1.843658e-04
1.843658e-04
1.843658e-04
1.843658e-04
1.843658e-04
1.843658e-04
1.843658e-04
1.843658e-04
1.843658e-04
1.843658e-04
1.843658e-04
1.843658e-04
1.843658e-04
1.843658e-04
1.843658e-04
1.843658e-04
1.843658e-04
1.843658e-04
1.843658e-04
1.843658e-04
1.843658e-04
1.843658e-04
1.843658e-04
1.843658e-04
1.843658e-04
1.843658e-04
1.843658e-04
1.843658e-04
1.843658e-04
1.843658e-04
1.843658e-04
1.843658e-04
1.843658e-04
1.843658e-04
1.843658e-04
1.843658e-04
1.843658e-04
1.843658e-04
1.843658e-04
1.843658e-04
1.843658e-04
1.843658e-04
1.843658e-04
1.843658e-04
1.843658e-04
1.843658e-04
1.843658e-04
1.843658e-04
1.843658e-04
1.843658e-04
1.843658e-04
1.843658e-04
1.843658e-04
1.843658e-04
1.843658e-04
1.843658e-04
1.843658e-04
1.843658e-04
1.843658e-04
1.843658e-04
1.843658e-04
1.843658e-04
1.843658e-04
1.843658e-04
1.843658e-04
1.843658e-04
1.843658e-04
1.843658e-04
1.843658e-04
1.843658e-04
1.843658e-04
1.843658e-04
1.843658e-04
1.843658e-04
1.843658e-04
1.843658e-04
1.843658e-04
1.843658e-04
1.843658e-04
1.843658e-04
1.843658e-04
1.843658e-04
1.843658e-04
1.843658e-04
1.843658e-04
1.843658e-04
1.843658e-04
1.843658e-04
1.843658e-04
1.843658e-04
1.843658e-04
1.843658e-04
1.843658e-04
1.843658e-04
1.843658e-04
1.843658e-04
1.843658e-04
1.843658e-04
1.843658e-04
1.843658e-04
1.843658e-04
1.843658e-04
1.843658e-04
1.843658e-04
1.843658e-04
1.843658e-04
1.843658e-04
1.843658e-04
1.843658e-04
1.843658e-04
1.843658e-04
1.843658e-04
1.843658e-04
1.843658e-04
1.843658e-04
1.843658e-04
1.843658e-04
1.843658e-04
1.843658e-04
1.843658e-04
1.843658e-04
1.843658e-04
1.843658e-04
1.843658e-04
1.843658e-04
1.843658e-04
1.843658e-04
1.843658e-04
1.843658e-04
1.843658e-04
1.843658e-04
1.843658e-04
1.843658e-04
1.843658e-04
1.843658e-04
1.843658e-04
1.843658e-04
1.843658e-04
1.843658e-04
1.843658e-04
1.843658e-04
1.843658e-04
1.843658e-04
1.843658e-04
1.843658e-04
1.843658e-04
1.843658e-04
1.843658e-04
1.843658e-04
1.843658e-04
1.843658e-04
1.843658e-04
1.843658e-04
1.843658e-04
1.843658e-04
1.843658e-04
1.843658e-04
1.843658e-04
1.843658e-04
1.843658e-04
1.843658e-04
1.843658e-04
1.843658e-04
1.843658e-04
1.843658e-04
1.843658e-04
1.843658e-04
1.843658e-04
1.843658e-04
1.843658e-04
1.843658e-04
1.843658e-04
1.843658e-04
1.843658e-04
1.843658e-04
1.843658e-04
1.843658e-04
1.843658e-04
1.843658e-04
1.843658e-04
1.843658e-04
1.843658e-04
1.843658e-04
1.843658e-04
1.843658e-04
1.843658e-04
1.843658e-04
1.843658e-04
1.843658e-04
1.843658e-04
1.843658e-04
1.843658e-04
1.843658e-04
1.843658e-04
1.843658e-04
1.843658e-04
1.843658e-04
1.843658e-04
1.843658e-04
1.843658e-04
1.843658e-04
1.843658e-04
1.843658e-04
1.843658e-04
1.843658e-04
1.843658e-04
1.843658e-04
1.843658e-04
1.843658e-04
1.843658e-04
1.843658e-04
1.843658e-04
1.843658e-04
1.843658e-04
1.843658e-04
1.843658e-04
1.843658e-04
1.843658e-04
1.843658e-04
1.843658e-04
1.843658e-04
1.843658e-04
1.843658e-04
1.843658e-04
1.843658e-04
1.843658e-04
1.843658e-04
1.843658e-04
1.843658e-04
1.843658e-04
1.843658e-04
1.843658e-04
1.843658e-04
1.843658e-04
1.843658e-04
1.843658e-04
1.843658e-04
1.843658e-04
1.843658e-04
1.843658e-04
1.843658e-04
1.843658e-04
1.843658e-04
1.843658e-04
1.843658e-04
1.843658e-04
1.843658e-04
1.843658e-04
1.843658e-04
1.843658e-04
1.843658e-04
1.843658e-04
1.843658e-04
1.843658e-04
1.843658e-04
1.843658e-04
1.843658e-04
1.843658e-04
1.843658e-04
1.843658e-04
1.843658e-04
1.843658e-04
1.843658e-04
1.843658e-04
1.843658e-04
1.843658e-04
1.843658e-04
1.843658e-04
1.843658e-04
1.843658e-04
1.843658e-04
1.843658e-04
1.843658e-04
1.843658e-04
1.843658e-04
1.843658e-04
1.843658e-04
1.843658e-04
1.843658e-04
1.843658e-04
1.843658e-04
1.843658e-04
1.843658e-04
1.843658e-04
1.843658e-04
1.843658e-04
1.843658e-04
1.843658e-04
1.843658e-04
1.843658e-04
1.843658e-04
1.843658e-04
1.843658e-04
1.843658e-04
1.843658e-04
1.843658e-04
1.843658e-04
1.843658e-04
1.843658e-04
1.843658e-04
1.843658e-04
1.843658e-04
1.843658e-04
1.843658e-04
1.843658e-04
1.843658e-04
1.843658e-04
1.843658e-04
1.843658e-04
1.843658e-04
1.843658e-04
1.843658e-04
1.843658e-04
1.843658e-04
1.843658e-04
1.843658e-04
1.843658e-04
1.843658e-04
1.843658e-04
1.843658e-04
1.843658e-04
1.843658e-04
1.843658e-04
1.843658e-04
1.843658e-04
1.843658e-04
1.843658e-04
1.843658e-04
1.843658e-04
1.843658e-04
1.843658e-04
1.843658e-04
1.843658e-04
1.843658e-04
1.843658e-04
1.843658e-04
1.843658e-04
1.843658e-04
1.843658e-04
1.843658e-04
1.843658e-04
1.843658e-04
1.843658e-04
1.843658e-04
1.843658e-04
1.843658e-04
1.843658e-04
1.843658e-04
1.843658e-04
1.843658e-04
1.843658e-04
1.843658e-04
1.843658e-04
1.843658e-04
1.843658e-04
1.843658e-04
1.843658e-04
1.843658e-04
1.843658e-04
1.843658e-04
1.843658e-04
1.843658e-04
1.843658e-04
1.843658e-04
1.843658e-04
1.843658e-04
1.843658e-04
1.843658e-04
1.843658e-04
1.843658e-04
1.843658e-04
1.843658e-04
1.843658e-04
1.843658e-04
1.843658e-04
1.843658e-04
1.843658e-04
1.843658e-04
1.843658e-04
1.843658e-04
1.843658e-04
1.843658e-04
1.843658e-04
1.843658e-04
1.843658e-04
1.843658e-04
1.843658e-04
1.843658e-04
1.843658e-04
1.843658e-04
1.843658e-04
1.843658e-04
1.843658e-04
1.843658e-04
1.843658e-04
1.843658e-04
1.843658e-04
1.843658e-04
1.843658e-04
1.843658e-04
1.843658e-04
1.843658e-04
1.843658e-04
1.843658e-04
1.843658e-04
1.843658e-04
1.843658e-04
1.843658e-04
1.843658e-04
1.843658e-04
1.843658e-04
1.843658e-04
1.843658e-04
1.843658e-04
1.843658e-04
1.843658e-04
1.843658e-04
1.843658e-04
1.843658e-04
1.843658e-04
1.843658e-04
1.843658e-04
1.843658e-04
1.843658e-04
1.843658e-04
1.843658e-04
1.843658e-04
1.843658e-04
1.843658e-04
1.843658e-04
1.843658e-04
1.843658e-04
1.843658e-04
1.843658e-04
1.843658e-04
1.843658e-04
1.843658e-04
1.843658e-04
1.843658e-04
1.843658e-04
1.843658e-04
1.843658e-04
1.843658e-04
1.843658e-04
1.843658e-04
1.843658e-04
1.843658e-04
1.843658e-04
1.843658e-04
1.843658e-04
1.843658e-04
1.843658e-04
1.843658e-04
1.843658e-04
1.843658e-04
1.843658e-04
1.843658e-04
1.843658e-04
1.843658e-04
1.843658e-04
1.843658e-04
1.843658e-04
1.843658e-04
1.843658e-04
1.843658e-04
1.843658e-04
1.843658e-04
1.843658e-04
1.843658e-04
1.843658e-04
1.843658e-04
1.843658e-04
1.843658e-04
1.843658e-04
1.843658e-04
1.843658e-04
1.843658e-04
1.843658e-04
1.843658e-04
1.843658e-04
1.843658e-04
1.843658e-04
1.843658e-04
1.843658e-04
1.843658e-04
1.843658e-04
1.843658e-04
1.843658e-04
1.843658e-04
1.843658e-04
1.843658e-04
1.843658e-04
1.843658e-04
1.843658e-04
1.843658e-04
1.843658e-04
1.843658e-04
1.843658e-04
1.843658e-04
1.843658e-04
1.843658e-04
1.843658e-04
1.843658e-04
1.843658e-04
1.843658e-04
1.843658e-04
1.843658e-04
1.843658e-04
1.843658e-04
1.843658e-04
1.843658e-04
1.843658e-04
1.843658e-04
1.843658e-04
1.843658e-04
1.843658e-04
1.843658e-04
1.843658e-04
1.843658e-04
1.843658e-04
1.843658e-04
1.843658e-04
1.843658e-04
1.843658e-04
1.843658e-04
1.843658e-04
1.843658e-04
1.843658e-04
1.843658e-04
1.843658e-04
1.843658e-04
1.843658e-04
1.843658e-04
1.843658e-04
1.843658e-04
1.843658e-04
1.843658e-04
1.843658e-04
1.843658e-04
1.843658e-04
1.843658e-04
1.843658e-04
1.843658e-04
1.843658e-04
1.843658e-04
1.843658e-04
1.843658e-04
1.843658e-04
1.843658e-04
1.843658e-04
1.843658e-04
1.843658e-04
1.843658e-04
1.843658e-04
1.843658e-04
1.843658e-04
1.843658e-04
1.843658e-04
1.843658e-04
1.843658e-04
1.843658e-04
1.843658e-04
1.843658e-04
1.843658e-04
1.843658e-04
1.843658e-04
1.843658e-04
1.843658e-04
1.843658e-04
1.843658e-04
1.843658e-04
1.843658e-04
1.843658e-04
1.843658e-04
1.843658e-04
1.843658e-04
1.843658e-04
1.843658e-04
1.843658e-04
1.843658e-04
1.843658e-04
1.843658e-04
1.843658e-04
1.843658e-04
1.843658e-04
1.843658e-04
1.843658e-04
1.843658e-04
1.843658e-04
1.843658e-04
1.843658e-04
1.843658e-04
1.843658e-04
1.843658e-04
1.843658e-04
1.843658e-04
1.843658e-04
1.843658e-04
1.843658e-04
1.843658e-04
1.843658e-04
1.843658e-04
1.843658e-04
1.843658e-04
1.843658e-04
1.843658e-04
1.843658e-04
1.843658e-04
1.843658e-04
1.843658e-04
1.843658e-04
1.843658e-04
1.843658e-04
1.843658e-04
1.843658e-04
1.843658e-04
1.843658e-04
1.843658e-04
1.843658e-04
1.843658e-04
1.843658e-04
1.843658e-04
1.843658e-04
1.843658e-04
1.843658e-04
1.843658e-04
1.843658e-04
1.843658e-04
1.843658e-04
1.843658e-04
1.843658e-04
1.843658e-04
1.843658e-04
1.843658e-04
1.843658e-04
1.843658e-04
1.843658e-04
1.843658e-04
1.843658e-04
1.843658e-04
1.843658e-04
1.843658e-04
1.843658e-04
1.843658e-04
1.843658e-04
1.843658e-04
1.843658e-04
1.843658e-04
1.843658e-04
1.843658e-04
1.843658e-04
1.843658e-04
1.843658e-04
1.843658e-04
1.843658e-04
1.843658e-04
1.843658e-04
1.843658e-04
1.843658e-04
1.843658e-04
1.843658e-04
1.843658e-04
1.843658e-04
1.843658e-04
1.843658e-04
1.843658e-04
1.843658e-04
1.843658e-04
1.843658e-04
1.843658e-04
1.843658e-04
1.843658e-04
1.843658e-04
1.843658e-04
1.843658e-04
1.843658e-04
1.843658e-04
1.843658e-04
1.843658e-04
1.843658e-04
1.843658e-04
1.843658e-04
1.843658e-04
1.843658e-04
1.843658e-04
1.843658e-04
1.843658e-04
1.843658e-04
1.843658e-04
1.843658e-04
1.843658e-04
1.843658e-04
1.843658e-04
1.843658e-04
1.843658e-04
1.843658e-04
1.843658e-04
1.843658e-04
1.843658e-04
1.843658e-04
1.843658e-04
1.843658e-04
1.843658e-04
1.843658e-04
1.843658e-04
1.843658e-04
1.843658e-04
1.843658e-04
1.843658e-04
1.843658e-04
1.843658e-04
1.843658e-04
1.843658e-04
1.843658e-04
1.843658e-04
1.843658e-04
1.843658e-04
1.843658e-04
1.843658e-04
1.843658e-04
1.843658e-04
1.843658e-04
1.843658e-04
1.843658e-04
1.843658e-04
1.843658e-04
1.843658e-04
1.843658e-04
1.843658e-04
1.843658e-04
1.843658e-04
1.843658e-04
1.843658e-04
1.843658e-04
1.843658e-04
1.843658e-04
1.843658e-04
1.843658e-04
1.843658e-04
1.843658e-04
1.843658e-04
1.843658e-04
1.843658e-04
1.843658e-04
1.843658e-04
1.843658e-04
1.843658e-04
1.843658e-04
1.843658e-04
1.843658e-04
1.843658e-04
1.843658e-04
1.843658e-04
1.843658e-04
1.843658e-04
1.843658e-04
1.843658e-04
1.843658e-04
1.843658e-04
1.843658e-04
1.843658e-04
1.843658e-04
1.843658e-04
1.843658e-04
1.843658e-04
1.843658e-04
1.843658e-04
1.843658e-04
1.843658e-04
1.843658e-04
1.843658e-04
1.843658e-04
1.843658e-04
1.843658e-04
1.843658e-04
1.843658e-04
1.843658e-04
1.843658e-04
1.843658e-04
1.843658e-04
1.843658e-04
1.843658e-04
1.843658e-04
1.843658e-04
1.843658e-04
1.843658e-04
1.843658e-04
1.843658e-04
1.843658e-04
1.843658e-04
1.843658e-04
1.843658e-04
1.843658e-04
1.843658e-04
1.843658e-04
1.843658e-04
1.843658e-04
1.843658e-04
1.843658e-04
1.843658e-04
1.843658e-04
1.843658e-04
1.843658e-04
1.843658e-04
1.843658e-04
1.843658e-04
1.843658e-04
1.843658e-04
1.843658e-04
1.843658e-04
1.843658e-04
1.843658e-04
1.843658e-04
1.843658e-04
1.843658e-04
1.843658e-04
1.843658e-04
1.843658e-04
1.843658e-04
1.843658e-04
1.843658e-04
1.843658e-04
1.843658e-04
1.843658e-04
1.843658e-04
1.843658e-04
1.843658e-04
1.843658e-04
1.843658e-04
1.843658e-04
1.843658e-04
1.843658e-04
1.843658e-04
1.843658e-04
1.843658e-04
1.843658e-04
1.843658e-04
1.843658e-04
1.843658e-04
1.843658e-04
1.843658e-04
1.843658e-04
1.843658e-04
1.843658e-04
1.843658e-04
1.843658e-04
1.843658e-04
1.843658e-04
1.843658e-04
1.843658e-04
1.843658e-04
1.843658e-04
1.843658e-04
1.843658e-04
1.843658e-04
1.843658e-04
1.843658e-04
1.843658e-04
1.843658e-04
1.843658e-04
1.843658e-04
1.843658e-04
1.843658e-04
1.843658e-04
1.843658e-04
1.843658e-04
1.843658e-04
1.843658e-04
1.843658e-04
1.843658e-04
1.843658e-04
1.843658e-04
1.843658e-04
1.843658e-04
1.843658e-04
1.843658e-04
1.843658e-04
1.843658e-04
1.843658e-04
1.843658e-04
1.843658e-04
1.843658e-04
1.843658e-04
1.843658e-04
1.843658e-04
1.843658e-04
1.843658e-04
1.843658e-04
1.843658e-04
1.843658e-04
1.843658e-04
1.843658e-04
1.843658e-04
1.843658e-04
1.843658e-04
1.843658e-04
1.843658e-04
1.843658e-04
1.843658e-04
1.843658e-04
1.843658e-04
1.843658e-04
1.843658e-04
1.843658e-04
1.843658e-04
1.843658e-04
1.843658e-04
1.843658e-04
1.843658e-04
1.843658e-04
1.843658e-04
1.843658e-04
1.843658e-04
1.843658e-04
1.843658e-04
1.843658e-04
1.843658e-04
1.843658e-04
1.843658e-04
1.843658e-04
1.843658e-04
1.843658e-04
1.843658e-04
1.843658e-04
1.843658e-04
1.843658e-04
1.843658e-04
1.843658e-04
1.843658e-04
1.843658e-04
1.843658e-04
1.843658e-04
1.843658e-04
1.843658e-04
1.843658e-04
1.843658e-04
1.843658e-04
1.843658e-04
1.843658e-04
1.843658e-04
1.843658e-04
1.843658e-04
1.843658e-04
1.843658e-04
1.843658e-04
1.843658e-04
1.843658e-04
1.843658e-04
1.843658e-04
1.843658e-04
1.843658e-04
1.843658e-04
1.843658e-04
1.843658e-04
1.843658e-04
1.843658e-04
1.843658e-04
1.843658e-04
1.843658e-04
1.843658e-04
1.843658e-04
1.843658e-04
1.843658e-04
1.843658e-04
1.843658e-04
1.843658e-04
1.843658e-04
1.843658e-04
1.843658e-04
1.843658e-04
1.843658e-04
1.843658e-04
1.843658e-04
1.843658e-04
1.843658e-04
1.843658e-04
1.843658e-04
1.843658e-04
1.843658e-04
1.843658e-04
1.843658e-04
1.843658e-04
1.843658e-04
1.843658e-04
1.843658e-04
1.843658e-04
1.843658e-04
1.843658e-04
1.843658e-04
1.843658e-04
1.843658e-04
1.843658e-04
1.843658e-04
1.843658e-04
1.843658e-04
1.843658e-04
1.843658e-04
1.843658e-04
1.843658e-04
1.843658e-04
1.843658e-04
1.843658e-04
1.843658e-04
1.843658e-04
1.843658e-04
1.843658e-04
1.843658e-04
1.843658e-04
1.843658e-04
1.843658e-04
1.843658e-04
1.843658e-04
1.843658e-04
1.843658e-04
1.843658e-04
1.843658e-04
1.843658e-04
1.843658e-04
1.843658e-04
1.843658e-04
1.843658e-04
1.843658e-04
1.843658e-04
1.843658e-04
1.843658e-04
1.843658e-04
1.843658e-04
1.843658e-04
1.843658e-04
1.843658e-04
1.843658e-04
1.843658e-04
1.843658e-04
1.843658e-04
1.843658e-04
1.843658e-04
1.843658e-04
1.843658e-04
1.843658e-04
1.843658e-04
1.843658e-04
1.843658e-04
1.843658e-04
1.843658e-04
1.843658e-04
1.843658e-04
1.843658e-04
1.843658e-04
1.843658e-04
1.843658e-04
1.843658e-04
1.843658e-04
1.843658e-04
1.843658e-04
1.843658e-04
1.843658e-04
1.843658e-04
1.843658e-04
1.843658e-04
1.843658e-04
1.843658e-04
1.843658e-04
1.843658e-04
1.843658e-04
1.843658e-04
1.843658e-04
1.843658e-04
1.843658e-04
1.843658e-04
1.843658e-04
1.843658e-04
1.843658e-04
1.843658e-04
1.843658e-04
1.843658e-04
1.843658e-04
1.843658e-04
1.843658e-04
1.843658e-04
1.843658e-04
1.843658e-04
1.843658e-04
1.843658e-04
1.843658e-04
1.843658e-04
1.843658e-04
1.843658e-04
1.843658e-04
1.843658e-04
1.843658e-04
1.843658e-04
1.843658e-04
1.843658e-04
1.843658e-04
1.843658e-04
1.843658e-04
1.843658e-04
1.843658e-04
1.843658e-04
1.843658e-04
1.843658e-04
1.843658e-04
1.843658e-04
1.843658e-04
1.843658e-04
1.843658e-04
1.843658e-04
1.843658e-04
1.843658e-04
1.843658e-04
1.843658e-04
1.843658e-04
1.843658e-04
1.843658e-04
1.843658e-04
1.843658e-04
1.843658e-04
1.843658e-04
1.843658e-04
1.843658e-04
1.843658e-04
1.843658e-04
1.843658e-04
1.843658e-04
1.843658e-04
1.843658e-04
1.843658e-04
1.843658e-04
1.843658e-04
1.843658e-04
1.843658e-04
1.843658e-04
1.843658e-04
1.843658e-04
1.843658e-04
1.843658e-04
1.843658e-04
1.843658e-04
1.843658e-04
1.843658e-04
1.843658e-04
1.843658e-04
1.843658e-04
1.843658e-04
1.843658e-04
1.843658e-04
1.843658e-04
1.843658e-04
1.843658e-04
1.843658e-04
1.843658e-04
1.843658e-04
1.843658e-04
1.843658e-04
1.843658e-04
1.843658e-04
1.843658e-04
1.843658e-04
1.843658e-04
1.843658e-04
1.843658e-04
1.843658e-04
1.843658e-04
1.843658e-04
1.843658e-04
1.843658e-04
1.843658e-04
1.843658e-04
1.843658e-04
1.843658e-04
1.843658e-04
1.843658e-04
1.843658e-04
1.843658e-04
1.843658e-04
1.843658e-04
1.843658e-04
1.843658e-04
1.843658e-04
1.843658e-04
1.843658e-04
1.843658e-04
1.843658e-04
1.843658e-04
1.843658e-04
1.843658e-04
1.843658e-04
1.843658e-04
1.843658e-04
1.843658e-04
1.843658e-04
1.843658e-04
1.843658e-04
1.843658e-04
1.843658e-04
1.843658e-04
1.843658e-04
1.843658e-04
1.843658e-04
1.843658e-04
1.843658e-04
1.843658e-04
1.843658e-04
1.843658e-04
1.843658e-04
1.843658e-04
1.843658e-04
1.843658e-04
1.843658e-04
1.843658e-04
1.843658e-04
1.843658e-04
1.843658e-04
1.843658e-04
1.843658e-04
1.843658e-04
1.843658e-04
1.843658e-04
1.843658e-04
1.843658e-04
1.843658e-04
1.843658e-04
1.843658e-04
1.843658e-04
1.843658e-04
1.843658e-04
1.843658e-04
1.843658e-04
1.843658e-04
1.843658e-04
1.843658e-04
1.843658e-04
1.843658e-04
1.843658e-04
1.843658e-04
1.843658e-04
1.843658e-04
1.843658e-04
1.843658e-04
1.843658e-04
1.843658e-04
1.843658e-04
1.843658e-04
1.843658e-04
1.843658e-04
1.843658e-04
1.843658e-04
1.843658e-04
1.843658e-04
1.843658e-04
1.843658e-04
1.843658e-04
1.843658e-04
1.843658e-04
1.843658e-04
1.843658e-04
1.843658e-04
1.843658e-04
1.843658e-04
1.843658e-04
1.843658e-04
1.843658e-04
1.843658e-04
1.843658e-04
1.843658e-04
1.843658e-04
1.843658e-04
1.843658e-04
1.843658e-04
1.843658e-04
1.843658e-04
1.843658e-04
1.843658e-04
1.843658e-04
1.843658e-04
1.843658e-04
1.843658e-04
1.843658e-04
1.843658e-04
1.843658e-04
1.843658e-04
1.843658e-04
1.843658e-04
1.843658e-04
1.843658e-04
1.843658e-04
1.843658e-04
1.843658e-04
1.843658e-04
1.843658e-04
1.843658e-04
1.843658e-04
1.843658e-04
1.843658e-04
1.843658e-04
1.843658e-04
1.843658e-04
1.843658e-04
1.843658e-04
1.843658e-04
1.843658e-04
1.843658e-04
1.843658e-04
1.843658e-04
1.843658e-04
1.843658e-04
1.843658e-04
1.843658e-04
1.843658e-04
1.843658e-04
1.843658e-04
1.843658e-04
1.843658e-04
1.843658e-04
1.843658e-04
1.843658e-04
1.843658e-04
1.843658e-04
1.843658e-04
1.843658e-04
1.843658e-04
1.843658e-04
1.843658e-04
1.843658e-04
1.843658e-04
1.843658e-04
1.843658e-04
1.843658e-04
1.843658e-04
1.843658e-04
1.843658e-04
1.843658e-04
1.843658e-04
1.843658e-04
1.843658e-04
1.843658e-04
1.843658e-04
1.843658e-04
1.843658e-04
1.843658e-04
1.843658e-04
1.843658e-04
1.843658e-04
1.843658e-04
1.843658e-04
1.843658e-04
1.843658e-04
1.843658e-04
1.843658e-04
1.843658e-04
1.843658e-04
1.843658e-04
1.843658e-04
1.843658e-04
1.843658e-04
1.843658e-04
1.843658e-04
1.843658e-04
1.843658e-04
1.843658e-04
1.843658e-04
1.843658e-04
1.843658e-04
1.843658e-04
1.843658e-04
1.843658e-04
1.843658e-04
1.843658e-04
1.843658e-04
1.843658e-04
1.843658e-04
1.843658e-04
1.843658e-04
1.843658e-04
1.843658e-04
1.843658e-04
1.843658e-04
1.843658e-04
1.843658e-04
1.843658e-04
1.843658e-04
1.843658e-04
1.843658e-04
1.843658e-04
1.843658e-04
1.843658e-04
1.843658e-04
1.843658e-04
1.843658e-04
1.843658e-04
1.843658e-04
1.843658e-04
1.843658e-04
1.843658e-04
1.843658e-04
1.843658e-04
1.843658e-04
1.843658e-04
1.843658e-04
1.843658e-04
1.843658e-04
1.843658e-04
1.843658e-04
1.843658e-04
1.843658e-04
1.843658e-04
1.843658e-04
1.843658e-04
1.843658e-04
1.843658e-04
1.843658e-04
1.843658e-04
1.843658e-04
1.843658e-04
1.843658e-04
1.843658e-04
1.843658e-04
1.843658e-04
1.843658e-04
1.843658e-04
1.843658e-04
1.843658e-04
1.843658e-04
1.843658e-04
1.843658e-04
1.843658e-04
1.843658e-04
1.843658e-04
1.843658e-04
1.843658e-04
1.843658e-04
1.843658e-04
1.843658e-04
1.843658e-04
1.843658e-04
1.843658e-04
1.843658e-04
1.843658e-04
1.843658e-04
1.843658e-04
1.843658e-04
1.843658e-04
1.843658e-04
1.843658e-04
1.843658e-04
1.843658e-04
1.843658e-04
1.843658e-04
1.843658e-04
1.843658e-04
1.843658e-04
1.843658e-04
1.843658e-04
1.843658e-04
1.843658e-04
1.843658e-04
1.843658e-04
1.843658e-04
1.843658e-04
1.843658e-04
1.843658e-04
1.843658e-04
1.843658e-04
1.843658e-04
1.843658e-04
1.843658e-04
1.843658e-04
1.843658e-04
1.843658e-04
1.843658e-04
1.843658e-04
1.843658e-04
1.843658e-04
1.843658e-04
1.843658e-04
1.843658e-04
1.843658e-04
1.843658e-04
1.843658e-04
1.843658e-04
1.843658e-04
1.843658e-04
1.843658e-04
1.843658e-04
1.843658e-04
1.843658e-04
1.843658e-04
1.843658e-04
1.843658e-04
1.843658e-04
1.843658e-04
1.843658e-04
1.843658e-04
1.843658e-04
1.843658e-04
1.843658e-04
1.843658e-04
1.843658e-04
1.843658e-04
1.843658e-04
1.843658e-04
1.843658e-04
1.843658e-04
1.843658e-04
1.843658e-04
1.843658e-04
1.843658e-04
1.843658e-04
1.843658e-04
1.843658e-04
1.843658e-04
1.843658e-04
1.843658e-04
1.843658e-04
1.843658e-04
1.843658e-04
1.843658e-04
1.843658e-04
1.843658e-04
1.843658e-04
1.843658e-04
1.843658e-04
1.843658e-04
1.843658e-04
1.843658e-04
1.843658e-04
1.843658e-04
1.843658e-04
1.843658e-04
1.843658e-04
1.843658e-04
1.843658e-04
1.843658e-04
1.843658e-04
1.843658e-04
1.843658e-04
1.843658e-04
1.843658e-04
1.843658e-04
1.843658e-04
1.843658e-04
1.843658e-04
1.843658e-04
1.843658e-04
1.843658e-04
1.843658e-04
1.843658e-04
1.843658e-04
1.843658e-04
1.843658e-04
1.843658e-04
1.843658e-04
1.843658e-04
1.843658e-04
1.843658e-04
1.843658e-04
1.843658e-04
1.843658e-04
1.843658e-04
1.843658e-04
1.843658e-04
1.843658e-04
1.843658e-04
1.843658e-04
1.843658e-04
1.843658e-04
1.843658e-04
1.843658e-04
1.843658e-04
1.843658e-04
1.843658e-04
1.843658e-04
1.843658e-04
1.843658e-04
1.843658e-04
1.843658e-04
1.843658e-04
1.843658e-04
1.843658e-04
1.843658e-04
1.843658e-04
1.843658e-04
1.843658e-04
1.843658e-04
1.843658e-04
1.843658e-04
1.843658e-04
1.843658e-04
1.843658e-04
1.843658e-04
1.843658e-04
1.843658e-04
1.843658e-04
1.843658e-04
1.843658e-04
1.843658e-04
1.843658e-04
1.843658e-04
1.843658e-04
1.843658e-04
1.843658e-04
1.843658e-04
1.843658e-04
1.843658e-04
1.843658e-04
1.843658e-04
1.843658e-04
1.843658e-04
1.843658e-04
1.843658e-04
1.843658e-04
1.843658e-04
1.843658e-04
1.843658e-04
1.843658e-04
1.843658e-04
1.843658e-04
1.843658e-04
1.843658e-04
1.843658e-04
1.843658e-04
1.843658e-04
1.843658e-04
1.843658e-04
1.843658e-04
1.843658e-04
1.843658e-04
1.843658e-04
1.843658e-04
1.843658e-04
1.843658e-04
1.843658e-04
1.843658e-04
1.843658e-04
1.843658e-04
1.843658e-04
1.843658e-04
1.843658e-04
1.843658e-04
1.843658e-04
1.843658e-04
1.843658e-04
1.843658e-04
1.843658e-04
1.843658e-04
1.843658e-04
1.843658e-04
1.843658e-04
1.843658e-04
1.843658e-04
1.843658e-04
1.843658e-04
1.843658e-04
1.843658e-04
1.843658e-04
1.843658e-04
1.843658e-04
1.843658e-04
1.843658e-04
1.843658e-04
1.843658e-04
1.843658e-04
1.843658e-04
1.843658e-04
1.843658e-04
1.843658e-04
1.843658e-04
1.843658e-04
1.843658e-04
1.843658e-04
1.843658e-04
1.843658e-04
1.843658e-04
1.843658e-04
1.843658e-04
1.843658e-04
1.843658e-04
1.843658e-04
1.843658e-04
1.843658e-04
1.843658e-04
1.843658e-04
1.843658e-04
1.843658e-04
1.843658e-04
1.843658e-04
1.843658e-04
1.843658e-04
1.843658e-04
1.843658e-04
1.843658e-04
1.843658e-04
1.843658e-04
1.843658e-04
1.843658e-04
1.843658e-04
1.843658e-04
1.843658e-04
1.843658e-04
1.843658e-04
1.843658e-04
1.843658e-04
1.843658e-04
1.843658e-04
1.843658e-04
1.843658e-04
1.843658e-04
1.843658e-04
1.843658e-04
1.843658e-04
1.843658e-04
1.843658e-04
1.843658e-04
1.843658e-04
1.843658e-04
1.843658e-04
1.843658e-04
1.843658e-04
1.843658e-04
1.843658e-04
1.843658e-04
1.843658e-04
1.843658e-04
1.843658e-04
1.843658e-04
1.843658e-04
1.843658e-04
1.843658e-04
1.843658e-04
1.843658e-04
1.843658e-04
1.843658e-04
1.843658e-04
1.843658e-04
1.843658e-04
1.843658e-04
1.843658e-04
1.843658e-04
1.843658e-04
1.843658e-04
1.843658e-04
1.843658e-04
1.843658e-04
1.843658e-04
1.843658e-04
1.843658e-04
1.843658e-04
1.843658e-04
1.843658e-04
1.843658e-04
1.843658e-04
1.843658e-04
1.843658e-04
1.843658e-04
1.843658e-04
1.843658e-04
1.843658e-04
1.843658e-04
1.843658e-04
1.843658e-04
1.843658e-04
1.843658e-04
1.843658e-04
1.843658e-04
1.843658e-04
1.843658e-04
1.843658e-04
1.843658e-04
1.843658e-04
1.843658e-04
1.843658e-04
1.843658e-04
1.843658e-04
1.843658e-04
1.843658e-04
1.843658e-04
1.843658e-04
1.843658e-04
1.843658e-04
1.843658e-04
1.843658e-04
1.843658e-04
1.843658e-04
1.843658e-04
1.843658e-04
1.843658e-04
1.843658e-04
1.843658e-04
1.843658e-04
1.843658e-04
1.843658e-04
1.843658e-04
1.843658e-04
1.843658e-04
1.843658e-04
1.843658e-04
1.843658e-04
1.843658e-04
1.843658e-04
1.843658e-04
1.843658e-04
1.843658e-04
1.843658e-04
1.843658e-04
1.843658e-04
1.843658e-04
1.843658e-04
1.843658e-04
1.843658e-04
1.843658e-04
1.843658e-04
1.843658e-04
1.843658e-04
1.843658e-04
1.843658e-04
1.843658e-04
1.843658e-04
1.843658e-04
1.843658e-04
1.843658e-04
1.843658e-04
1.843658e-04
1.843658e-04
1.843658e-04
1.843658e-04
1.843658e-04
1.843658e-04
1.843658e-04
1.843658e-04
1.843658e-04
1.843658e-04
1.843658e-04
1.843658e-04
1.843658e-04
1.843658e-04
1.843658e-04
1.843658e-04
1.843658e-04
1.843658e-04
1.843658e-04
1.843658e-04
1.843658e-04
1.843658e-04
1.843658e-04
1.843658e-04
1.843658e-04
1.843658e-04
1.843658e-04
1.843658e-04
1.843658e-04
1.843658e-04
1.843658e-04
1.843658e-04
1.843658e-04
1.843658e-04
1.843658e-04
1.843658e-04
1.843658e-04
1.843658e-04
1.843658e-04
1.843658e-04
1.843658e-04
1.843658e-04
1.843658e-04
1.843658e-04
1.843658e-04
1.843658e-04
1.843658e-04
1.843658e-04
1.843658e-04
1.843658e-04
1.843658e-04
1.843658e-04
1.843658e-04
1.843658e-04
1.843658e-04
1.843658e-04
1.843658e-04
1.843658e-04
1.843658e-04
1.843658e-04
1.843658e-04
1.843658e-04
1.843658e-04
1.843658e-04
1.843658e-04
1.843658e-04
1.843658e-04
1.843658e-04
1.843658e-04
1.843658e-04
1.843658e-04
1.843658e-04
1.843658e-04
1.843658e-04
1.843658e-04
1.843658e-04
1.843658e-04
1.843658e-04
1.843658e-04
1.843658e-04
1.843658e-04
1.843658e-04
1.843658e-04
1.843658e-04
1.843658e-04
1.843658e-04
1.843658e-04
1.843658e-04
1.843658e-04
1.843658e-04
1.843658e-04
1.843658e-04
1.843658e-04
1.843658e-04
1.843658e-04
1.843658e-04
1.843658e-04
1.843658e-04
1.843658e-04
1.843658e-04
1.843658e-04
1.843658e-04
1.843658e-04
1.843658e-04
1.843658e-04
1.843658e-04
1.843658e-04
1.843658e-04
1.843658e-04
1.843658e-04
1.843658e-04
1.843658e-04
1.843658e-04
1.843658e-04
1.843658e-04
1.843658e-04
1.843658e-04
1.843658e-04
1.843658e-04
1.843658e-04
1.843658e-04
1.843658e-04
1.843658e-04
1.843658e-04
1.843658e-04
1.843658e-04
1.843658e-04
1.843658e-04
1.843658e-04
1.843658e-04
1.843658e-04
1.843658e-04
1.843658e-04
1.843658e-04
1.843658e-04
1.843658e-04
1.843658e-04
1.843658e-04
1.843658e-04
1.843658e-04
1.843658e-04
1.843658e-04
1.843658e-04
1.843658e-04
1.843658e-04
1.843658e-04
1.843658e-04
1.843658e-04
1.843658e-04
1.843658e-04
1.843658e-04
1.843658e-04
1.843658e-04
1.843658e-04
1.843658e-04
1.843658e-04
1.843658e-04
1.843658e-04
1.843658e-04
1.843658e-04
1.843658e-04
1.843658e-04
1.843658e-04
1.843658e-04
1.843658e-04
1.843658e-04
1.843658e-04
1.843658e-04
1.843658e-04
1.843658e-04
1.843658e-04
1.843658e-04
1.843658e-04
1.843658e-04
1.843658e-04
1.843658e-04
1.843658e-04
1.843658e-04
1.843658e-04
1.843658e-04
1.843658e-04
1.843658e-04
1.843658e-04
1.843658e-04
1.843658e-04
1.843658e-04
1.843658e-04
1.843658e-04
1.843658e-04
1.843658e-04
1.843658e-04
1.843658e-04
1.843658e-04
1.843658e-04
1.843658e-04
1.843658e-04
1.843658e-04
1.843658e-04
1.843658e-04
1.843658e-04
1.843658e-04
1.843658e-04
1.843658e-04
1.843658e-04
1.843658e-04
1.843658e-04
1.843658e-04
1.843658e-04
1.843658e-04
1.843658e-04
1.843658e-04
1.843658e-04
1.843658e-04
1.843658e-04
1.843658e-04
1.843658e-04
1.843658e-04
1.843658e-04
1.843658e-04
1.843658e-04
1.843658e-04
1.843658e-04
1.843658e-04
1.843658e-04
1.843658e-04
1.843658e-04
1.843658e-04
1.843658e-04
1.843658e-04
1.843658e-04
1.843658e-04
1.843658e-04
1.843658e-04
1.843658e-04
1.843658e-04
1.843658e-04
1.843658e-04
1.843658e-04
1.843658e-04
1.843658e-04
1.843658e-04
1.843658e-04
1.843658e-04
1.843658e-04
1.843658e-04
1.843658e-04
1.843658e-04
1.843658e-04
1.843658e-04
1.843658e-04
1.843658e-04
1.843658e-04
1.843658e-04
1.843658e-04
1.843658e-04
1.843658e-04
1.843658e-04
1.843658e-04
1.843658e-04
1.843658e-04
1.843658e-04
1.843658e-04
1.843658e-04
1.843658e-04
1.843658e-04
1.843658e-04
1.843658e-04
1.843658e-04
1.843658e-04
1.843658e-04
1.843658e-04
1.843658e-04
1.843658e-04
1.843658e-04
1.843658e-04
1.843658e-04
1.843658e-04
1.843658e-04
1.843658e-04
1.843658e-04
1.843658e-04
1.843658e-04
1.843658e-04
1.843658e-04
1.843658e-04
1.843658e-04
1.843658e-04
1.843658e-04
1.843658e-04
1.843658e-04
1.843658e-04
1.843658e-04
1.843658e-04
1.843658e-04
1.843658e-04
1.843658e-04
1.843658e-04
1.843658e-04
1.843658e-04
1.843658e-04
1.843658e-04
1.843658e-04
1.843658e-04
1.843658e-04
1.843658e-04
1.843658e-04
1.843658e-04
1.843658e-04
1.843658e-04
1.843658e-04
1.843658e-04
1.843658e-04
1.843658e-04
1.843658e-04
1.843658e-04
1.843658e-04
1.843658e-04
1.843658e-04
1.843658e-04
1.843658e-04
1.843658e-04
1.843658e-04
1.843658e-04
1.843658e-04
1.843658e-04
1.843658e-04
1.843658e-04
1.843658e-04
1.843658e-04
1.843658e-04
1.843658e-04
1.843658e-04
1.843658e-04
1.843658e-04
1.843658e-04
1.843658e-04
1.843658e-04
1.843658e-04
1.843658e-04
1.843658e-04
1.843658e-04
1.843658e-04
1.843658e-04
1.843658e-04
1.843658e-04
1.843658e-04
1.843658e-04
1.843658e-04
1.843658e-04
1.843658e-04
1.843658e-04
1.843658e-04
1.843658e-04
1.843658e-04
1.843658e-04
1.843658e-04
1.843658e-04
1.843658e-04
1.843658e-04
1.843658e-04
1.843658e-04
1.843658e-04
1.843658e-04
1.843658e-04
1.843658e-04
1.843658e-04
1.843658e-04
1.843658e-04
1.843658e-04
1.843658e-04
1.843658e-04
1.843658e-04
1.843658e-04
1.843658e-04
1.843658e-04
1.843658e-04
1.843658e-04
1.843658e-04
1.843658e-04
1.843658e-04
1.843658e-04
1.843658e-04
1.843658e-04
1.843658e-04
1.843658e-04
1.843658e-04
1.843658e-04
1.843658e-04
1.843658e-04
1.843658e-04
1.843658e-04
1.843658e-04
1.843658e-04
1.843658e-04
1.843658e-04
1.843658e-04
1.843658e-04
1.843658e-04
1.843658e-04
1.843658e-04
1.843658e-04
1.843658e-04
1.843658e-04
1.843658e-04
1.843658e-04
1.843658e-04
1.843658e-04
1.843658e-04
1.843658e-04
1.843658e-04
1.843658e-04
1.843658e-04
1.843658e-04
1.843658e-04
1.843658e-04
1.843658e-04
1.843658e-04
1.843658e-04
1.843658e-04
1.843658e-04
1.843658e-04
1.843658e-04
1.843658e-04
1.843658e-04
1.843658e-04
1.843658e-04
1.843658e-04
1.843658e-04
1.843658e-04
1.843658e-04
1.843658e-04
1.843658e-04
1.843658e-04
1.843658e-04
1.843658e-04
1.843658e-04
1.843658e-04
1.843658e-04
1.843658e-04
1.843658e-04
1.843658e-04
1.843658e-04
1.843658e-04
1.843658e-04
1.843658e-04
1.843658e-04
1.843658e-04
1.843658e-04
1.843658e-04
1.843658e-04
1.843658e-04
1.843658e-04
1.843658e-04
1.843658e-04
1.843658e-04
1.843658e-04
1.843658e-04
1.843658e-04
1.843658e-04
1.843658e-04
1.843658e-04
1.843658e-04
1.843658e-04
1.843658e-04
1.843658e-04
1.843658e-04
1.843658e-04
1.843658e-04
1.843658e-04
1.843658e-04
1.843658e-04
1.843658e-04
1.843658e-04
1.843658e-04
1.843658e-04
1.843658e-04
1.843658e-04
1.843658e-04
1.843658e-04
1.843658e-04
1.843658e-04
1.843658e-04
1.843658e-04
1.843658e-04
1.843658e-04
1.843658e-04
1.843658e-04
1.843658e-04
1.843658e-04
1.843658e-04
1.843658e-04
1.843658e-04
1.843658e-04
1.843658e-04
1.843658e-04
1.843658e-04
1.843658e-04
1.843658e-04
1.843658e-04
1.843658e-04
1.843658e-04
1.843658e-04
1.843658e-04
1.843658e-04
1.843658e-04
1.843658e-04
1.843658e-04
1.843658e-04
1.843658e-04
1.843658e-04
1.843658e-04
1.843658e-04
1.843658e-04
1.843658e-04
1.843658e-04
1.843658e-04
1.843658e-04
1.843658e-04
1.843658e-04
1.843658e-04
1.843658e-04
1.843658e-04
1.843658e-04
1.843658e-04
1.843658e-04
1.843658e-04
1.843658e-04
1.843658e-04
1.843658e-04
1.843658e-04
1.843658e-04
1.843658e-04
1.843658e-04
1.843658e-04
1.843658e-04
1.843658e-04
1.843658e-04
1.843658e-04
1.843658e-04
1.843658e-04
1.843658e-04
1.843658e-04
1.843658e-04
1.843658e-04
1.843658e-04
1.843658e-04
1.843658e-04
1.843658e-04
1.843658e-04
1.843658e-04
1.843658e-04
1.843658e-04
1.843658e-04
1.843658e-04
1.843658e-04
1.843658e-04
1.843658e-04
1.843658e-04
1.843658e-04
1.843658e-04
1.843658e-04
1.843658e-04
1.843658e-04
1.843658e-04
1.843658e-04
